5.963977317112497678e-01 4.613895385542529652e+02 2.454144337249621576e-03
5.538864302592053646e-01 4.430393997808791937e+02 3.397525572818028451e-03
6.010245180111215557e-01 4.670430494935071692e+02 2.413030889955391101e-03
5.525577979639541004e-01 4.439682824416212270e+02 3.474541349140135467e-03
5.934745658763425080e-01 4.615419037080873750e+02 2.519022617122233191e-03
5.538874835047178369e-01 4.430398724581005467e+02 3.397523640918666613e-03
5.956478321894442818e-01 4.612440696108710654e+02 2.466707333468547755e-03
5.963971001687016216e-01 4.613892557204808327e+02 2.454145373849663490e-03
5.793862582929787397e-01 4.525260572128165677e+02 2.755181421167627459e-03
5.963990765339088895e-01 4.613901408276337293e+02 2.454142129903854903e-03
5.538857149545186598e-01 4.430390787652871722e+02 3.397526884864475200e-03
5.665870118494844565e-01 4.468931012334616071e+02 3.045489325154390574e-03
5.712402853512758005e-01 4.495374745097842037e+02 2.943702491253196406e-03
5.793881506429995332e-01 4.525268980610064773e+02 2.755178177221818871e-03
5.900017339247201065e-01 4.591968747222499587e+02 2.572459776831648517e-03
5.936553861294763257e-01 4.611715552075706341e+02 2.510581984796382473e-03
5.665882044784759097e-01 4.468936308613343158e+02 3.045487211068061834e-03
5.525560347037351550e-01 4.439674841485411889e+02 3.474544593085944055e-03
5.850155037274138436e-01 4.560565470515145421e+02 2.655678377821514818e-03
5.712395608179362538e-01 4.495371515902446049e+02 2.943703759611381813e-03
5.875943443717587256e-01 4.575217777809655786e+02 2.610174754425482416e-03
5.728995935616895130e-01 4.495009508451081501e+02 2.893499213577706633e-03
5.732990648883149465e-01 4.497575909255650117e+02 2.885859740987718400e-03
5.635527254237487904e-01 4.472250803854898891e+02 3.153091518325296539e-03
5.670235579018427785e-01 4.471466043148882932e+02 3.035916701339625746e-03
5.820210135727055256e-01 4.548012718478174747e+02 2.716132598246318378e-03
5.993063101616343813e-01 4.664718985750232605e+02 2.444153157961536770e-03
5.850174242155439241e-01 4.560574055499097312e+02 2.655675133875706230e-03
5.795454543651611390e-01 4.527319495732750170e+02 2.754021976175621399e-03
5.809166718939250407e-01 4.528438814788551099e+02 2.719040749951379902e-03
5.765956375643048748e-01 4.511859590044191464e+02 2.813040487661708916e-03
5.635537238392013260e-01 4.472255280052538637e+02 3.153089735225111240e-03
5.664073379599474656e-01 4.493850975393494309e+02 3.095753296959935074e-03
5.670247821141893851e-01 4.471471481702058668e+02 3.035914533838408608e-03
5.808278023846590310e-01 4.529322278998676552e+02 2.722604891429485779e-03
5.665278251341216986e-01 4.494479803854898137e+02 3.093093898399215582e-03
5.855253818378703956e-01 4.560562364201381342e+02 2.642917634804613225e-03
5.820223182676410589e-01 4.548018552344639716e+02 2.716130377616305606e-03
5.743613196905745788e-01 4.510431413600411474e+02 2.874356800610792292e-03
6.000113595896533480e-01 4.655443225356635821e+02 2.418531626887454079e-03
5.898978780850683279e-01 4.591278074722606561e+02 2.574161352635090990e-03
5.875937737907129810e-01 4.575215222447847054e+02 2.610175711838480257e-03
5.804750151579805006e-01 4.528729367821829896e+02 2.731101898884940975e-03
5.732985065736012631e-01 4.497573430368435083e+02 2.885860713345927541e-03
5.635519074551804675e-01 4.472247136655074087e+02 3.153092979170919827e-03
5.722002845460369969e-01 4.491933418598358116e+02 2.909684077533288005e-03
5.820204123447134670e-01 4.548010030122664489e+02 2.716133621562114193e-03
5.743594513411905966e-01 4.510423079333438636e+02 2.874360044556600879e-03
5.874050835423136885e-01 4.571944281794233120e+02 2.613824742672361812e-03
5.619946787465477378e-01 4.466734123659059037e+02 3.197285094017741740e-03
5.679871613056134416e-01 4.488655572212464904e+02 3.034320483998259078e-03
5.700202818890386380e-01 4.495388152879640984e+02 2.981311470460186377e-03
5.795846667791626494e-01 4.527858248877334972e+02 2.753578228938347028e-03
5.739753716356906788e-01 4.503604583583061753e+02 2.875032328127454483e-03
5.791976765030425467e-01 4.523705923786674816e+02 2.758399731772700949e-03
5.648974079230609791e-01 4.485282739030187713e+02 3.131496630425604621e-03
6.010265190662368306e-01 4.670439629257727461e+02 2.413027646009582514e-03
5.875957070669279858e-01 4.575223880674828933e+02 2.610172467892671669e-03
5.729004453281822951e-01 4.495013288461215097e+02 2.893497728558153560e-03
5.775390823816319852e-01 4.513346531998241744e+02 2.788807345546737843e-03
6.000133550607582578e-01 4.655452284730850465e+02 2.418528382941645492e-03
5.760336732449488073e-01 4.515016088487026877e+02 2.832998175736871002e-03
5.804769127346087743e-01 4.528737793621629066e+02 2.731098654939132387e-03
5.874061603559403988e-01 4.571949097238608033e+02 2.613822934959082831e-03
5.619959105619967143e-01 4.466739650322379021e+02 3.197282884979481266e-03
5.641606884071743711e-01 4.480715907493679993e+02 3.148170960937772978e-03
5.791988230677864724e-01 4.523711016276055830e+02 2.758397765292482269e-03
5.717930640970092515e-01 4.498889980126584760e+02 2.932641742902058601e-03
5.665863744615740050e-01 4.468928181794648822e+02 3.045490455013870421e-03
5.936534226641286827e-01 4.611706711400173049e+02 2.510585228742191061e-03
5.795435611470626247e-01 4.527311077041075578e+02 2.754025220121429987e-03
5.664055071040760003e-01 4.493842724014689907e+02 3.095756540905743662e-03
5.808259031637584835e-01 4.529313850266083250e+02 2.722608135375294367e-03
5.874042280177245168e-01 4.571940455940838319e+02 2.613826178904891419e-03
5.714052024824129994e-01 4.491622264952075625e+02 2.932887501585594581e-03
5.619941016603252626e-01 4.466731534503954322e+02 3.197286128925289853e-03
5.713195675363766934e-01 4.491182441794106239e+02 2.934642367340587095e-03
5.719945684848692924e-01 4.500051770937149058e+02 2.928422913316866549e-03
5.696801834161153710e-01 4.489810293527715430e+02 2.982840423956484559e-03
5.923968439388125340e-01 4.623928580978372338e+02 2.554395956903883057e-03
5.751300220786363937e-01 4.504220821419459639e+02 2.843179118885330332e-03
5.704931359396413493e-01 4.488976547282945830e+02 2.956126204411809854e-03
5.763264275414816673e-01 4.510299228816887194e+02 2.818287403041005567e-03
5.842006884799562094e-01 4.555175629325485147e+02 2.669433906337257550e-03
5.707170799481753320e-01 4.492089108797511585e+02 2.954401687389955015e-03
5.930781332233355796e-01 4.608074504028857064e+02 2.519582798046800763e-03
5.789142054902474133e-01 4.537734226047377319e+02 2.785683242338386940e-03
5.745379627926515687e-01 4.506782166179085038e+02 2.863755630377839284e-03
5.771075614756621119e-01 4.521863531253567885e+02 2.812773707037434425e-03
5.758673157730784808e-01 4.512064497403998757e+02 2.833613561045280130e-03
5.819440237790906023e-01 4.547568238842711708e+02 2.717667949071286837e-03
5.930618591097018832e-01 4.626203666686257066e+02 2.541471604776719597e-03
5.743735829584877273e-01 4.510605283713425706e+02 2.874173368218505432e-03
5.765921530766807690e-01 4.513573400534921234e+02 2.815494904338046705e-03
5.828153150485343437e-01 4.547997237565687669e+02 2.695675693372684596e-03
5.870499286169960085e-01 4.584843346226850258e+02 2.635781281049387557e-03
5.774876341451735673e-01 4.528767985255908570e+02 2.812234128102368384e-03
5.826727877257485977e-01 4.547298607148154019e+02 2.698181713735807886e-03
5.684777415930375444e-01 4.482258271879840663e+02 3.007987071118956805e-03
5.947801811701530772e-01 4.617366762500219011e+02 2.491364924892641025e-03
