2.000006804514194769e+00 8.843794728356658652e+01 7.279637453512862066e+02 2.099142468618307333e+00
2.000005955405636637e+00 7.643894224041481777e+01 6.869988348454536435e+02 2.344262461888312554e+00
2.000010000000000066e+00 8.645917033333967083e+01 7.140111318635464386e+02 2.055394228487814612e+00
2.000000000000000000e+00 7.794698803674909016e+01 6.729817557656600684e+02 2.396754554044852270e+00
2.000010000000000066e+00 8.659336720911660734e+01 7.180352893399483492e+02 2.108535787733646139e+00
2.000000000000000000e+00 7.643894224041481777e+01 6.869988348454536435e+02 2.344262461888312554e+00
2.000000000000000000e+00 8.650454491170397375e+01 7.280694990092747503e+02 2.082185527790801682e+00
2.000010000000000066e+00 8.843794728356658652e+01 7.279637453512862066e+02 2.099142468618307333e+00
2.000010000000000066e+00 8.642788355280301005e+01 7.189193553436148250e+02 2.216963801314696170e+00
2.000000000000000000e+00 8.843794728356658652e+01 7.279637453512862066e+02 2.099142468618307333e+00
2.000010000000000066e+00 7.643894224041481777e+01 6.869988348454536435e+02 2.344262461888312554e+00
2.000006517026776454e+00 8.643231316010178489e+01 7.029589284285893882e+02 2.345677152860589310e+00
2.000006090081865917e+00 8.652251208446320163e+01 7.049665240572704761e+02 2.302587712834758271e+00
2.000000000000000000e+00 8.642788355280301005e+01 7.189193553436148250e+02 2.216963801314696170e+00
2.000000000000000000e+00 8.646700323005786970e+01 7.190627537378460374e+02 2.132495753902127866e+00
2.000000000000000000e+00 8.655878146757862623e+01 7.209624450389178492e+02 2.104058368799551992e+00
2.000000000000000000e+00 8.643231316010178489e+01 7.029589284285893882e+02 2.345677152860589310e+00
2.000010000000000066e+00 7.794698803674909016e+01 6.729817557656600684e+02 2.396754554044852270e+00
2.000010000000000066e+00 8.650714143937487677e+01 7.189654552538609096e+02 2.172109768245550132e+00
2.000010000000000066e+00 8.652251208446320163e+01 7.049665240572704761e+02 2.302587712834758271e+00
2.000007048621132100e+00 8.652737476077059853e+01 7.199388374872370377e+02 2.151058869853113897e+00
2.000004577824826324e+00 8.645528038652753366e+01 7.120497921988277312e+02 2.279528587179530774e+00
2.000007002550090451e+00 8.653424270676825358e+01 7.119378925866760710e+02 2.277175714173909515e+00
2.000005496707706776e+00 8.648883826316472323e+01 6.879810612500017442e+02 2.392387966735880500e+00
2.000006681686881116e+00 8.649155765296052323e+01 7.030542282842787927e+02 2.342349889550825015e+00
2.000006845465045036e+00 8.645336580060096310e+01 7.150792728610081213e+02 2.199409367302460172e+00
2.000000000000000000e+00 8.650586250238741570e+01 7.109269248058395760e+02 2.071211725235485357e+00
2.000000000000000000e+00 8.650714143937487677e+01 7.189654552538609096e+02 2.172109768245550132e+00
2.000000000000000000e+00 8.657886401791168396e+01 7.180843912379662015e+02 2.218371586426671538e+00
2.000000000000000000e+00 8.643294379974231845e+01 7.229664209602822211e+02 2.200487184999325052e+00
2.000000000000000000e+00 8.659628908971784256e+01 7.160627430874437778e+02 2.245379263896293054e+00
2.000000000000000000e+00 8.648883826316472323e+01 6.879810612500017442e+02 2.392387966735880500e+00
2.000000000000000000e+00 8.647681884654127771e+01 6.859896166806368001e+02 2.367852959242614741e+00
2.000000000000000000e+00 8.649155765296052323e+01 7.030542282842787927e+02 2.342349889550825015e+00
2.000000000000000000e+00 8.648332670462210103e+01 7.220055381744983833e+02 2.202765885336055440e+00
2.000000000000000000e+00 8.655988177026061692e+01 6.859896166806368001e+02 2.367852959242614741e+00
2.000000000000000000e+00 8.648869704790709534e+01 7.209652598568630992e+02 2.165927445725236655e+00
2.000000000000000000e+00 8.645336580060096310e+01 7.150792728610081213e+02 2.199409367302460172e+00
2.000000000000000000e+00 8.652488008172029765e+01 7.080518965986613011e+02 2.271934921687631004e+00
2.000010000000000066e+00 8.650188102435635074e+01 7.189323947977853777e+02 2.058607332430750780e+00
2.000010000000000066e+00 8.653215606874903187e+01 7.190148062373642688e+02 2.134104682455252089e+00
2.000010000000000066e+00 8.652737476077059853e+01 7.199388374872370377e+02 2.151058869853113897e+00
2.000010000000000066e+00 8.651999069792429964e+01 7.209461676002642889e+02 2.207130914411868261e+00
2.000010000000000066e+00 8.653424270676825358e+01 7.119378925866760710e+02 2.277175714173909515e+00
2.000010000000000066e+00 8.648883826316472323e+01 6.879810612500017442e+02 2.392387966735880500e+00
2.000010000000000066e+00 8.659595429993225935e+01 7.110157894176093123e+02 2.288556452846219891e+00
2.000010000000000066e+00 8.645336580060096310e+01 7.150792728610081213e+02 2.199409367302460172e+00
2.000010000000000066e+00 8.652488008172029765e+01 7.080518965986613011e+02 2.271934921687631004e+00
2.000005572581622815e+00 8.848455663194594933e+01 7.190773798476349157e+02 2.176986756591914318e+00
2.000006809731581736e+00 8.649247350720547445e+01 6.849751758789129781e+02 2.411054528726566559e+00
2.000004019782305242e+00 8.648177682247917630e+01 6.959222907858558074e+02 2.341528307989468427e+00
2.000008110130652828e+00 8.653558838751099813e+01 6.999324151103236318e+02 2.319234450588583130e+00
2.000007223637997988e+00 8.652138560899383890e+01 7.179677701659473996e+02 2.217431499183407873e+00
2.000005170226103690e+00 8.642267454421404693e+01 7.109553694681192155e+02 2.270892681895006149e+00
2.000006062006799201e+00 8.657888808544043968e+01 7.189782751904425595e+02 2.220368653121922442e+00
2.000006790234994281e+00 8.657416985686984390e+01 6.850745911971431497e+02 2.384413669647115430e+00
2.000000000000000000e+00 8.645917033333967083e+01 7.140111318635464386e+02 2.055394228487814612e+00
2.000000000000000000e+00 8.652737476077059853e+01 7.199388374872370377e+02 2.151058869853113897e+00
2.000000000000000000e+00 8.645528038652753366e+01 7.120497921988277312e+02 2.279528587179530774e+00
2.000000000000000000e+00 8.642675850488660672e+01 7.190872390112602943e+02 2.232232108094341250e+00
2.000000000000000000e+00 8.650188102435635074e+01 7.189323947977853777e+02 2.058607332430750780e+00
2.000000000000000000e+00 8.641850135080211714e+01 7.120088952447783868e+02 2.252049321591243380e+00
2.000000000000000000e+00 8.651999069792429964e+01 7.209461676002642889e+02 2.207130914411868261e+00
2.000000000000000000e+00 8.848455663194594933e+01 7.190773798476349157e+02 2.176986756591914318e+00
2.000000000000000000e+00 8.649247350720547445e+01 6.849751758789129781e+02 2.411054528726566559e+00
2.000000000000000000e+00 8.651698972404709309e+01 6.849994444244154010e+02 2.390696000828727019e+00
2.000000000000000000e+00 8.657888808544043968e+01 7.189782751904425595e+02 2.220368653121922442e+00
2.000000000000000000e+00 8.655115552315304228e+01 7.049399096459023895e+02 2.298102083554557584e+00
2.000010000000000066e+00 8.643231316010178489e+01 7.029589284285893882e+02 2.345677152860589310e+00
2.000010000000000066e+00 8.655878146757862623e+01 7.209624450389178492e+02 2.104058368799551992e+00
2.000010000000000066e+00 8.657886401791168396e+01 7.180843912379662015e+02 2.218371586426671538e+00
2.000010000000000066e+00 8.647681884654127771e+01 6.859896166806368001e+02 2.367852959242614741e+00
2.000010000000000066e+00 8.648332670462210103e+01 7.220055381744983833e+02 2.202765885336055440e+00
2.000010000000000066e+00 8.848455663194594933e+01 7.190773798476349157e+02 2.176986756591914318e+00
2.000010000000000066e+00 8.657683851826229215e+01 7.079902397309200524e+02 2.298549877146660148e+00
2.000010000000000066e+00 8.649247350720547445e+01 6.849751758789129781e+02 2.411054528726566559e+00
2.000010000000000066e+00 8.651863298256917290e+01 7.079902397309200524e+02 2.298549877146660148e+00
2.000007213264311190e+00 8.657150105499871984e+01 7.049975210116953122e+02 2.296511586979491870e+00
2.000005116298391616e+00 8.658669325790799576e+01 7.020593699127499576e+02 2.320587019064792145e+00
2.000006381408226286e+00 8.654457705181711447e+01 7.089457240412151577e+02 2.124862415744879662e+00
2.000006365283264476e+00 8.659406813729457042e+01 7.150317291749228161e+02 2.258904729723199445e+00
2.000005838285214388e+00 8.647304027791481928e+01 7.060743202534944203e+02 2.307382085466431310e+00
2.000006933066919235e+00 8.659457051250555537e+01 7.159766572584210280e+02 2.247721712092549673e+00
2.000004083373513986e+00 8.653593509167399134e+01 7.190841500517374243e+02 2.178871934928876097e+00
2.000006085608292850e+00 8.652839228589144227e+01 7.049255780372907338e+02 2.307364062937924398e+00
2.000006862422202047e+00 8.655771477217018628e+01 7.209637471902117341e+02 2.108371196648089807e+00
2.000005487316923958e+00 8.657101908659966227e+01 7.090614728785376428e+02 2.232676992232919932e+00
2.000006585608292919e+00 8.653687642006377700e+01 7.110755785372907667e+02 2.267363562937924293e+00
2.000005351372892815e+00 8.643896939083604991e+01 7.119658465376766117e+02 2.243217716004515694e+00
2.000006845898068431e+00 8.653948602729730055e+01 7.130747097007863431e+02 2.253900592643694800e+00
2.000004037762775244e+00 8.651228373552878281e+01 7.149859953075037993e+02 2.200865178134502997e+00
2.000006517063152689e+00 8.658393558722491434e+01 7.100716312836494808e+02 2.119177655840571717e+00
2.000006853784073613e+00 8.649497275919915751e+01 7.080269411489481399e+02 2.271459546785495220e+00
2.000006694275608954e+00 8.656405727250378845e+01 7.150003649804020824e+02 2.246067140856566446e+00
2.000005694167496184e+00 8.659769350510674712e+01 7.180448414267378894e+02 2.191810638934239552e+00
2.000005351372892815e+00 8.653877439915999048e+01 7.119658465376766117e+02 2.163216716004515483e+00
2.000006353941333082e+00 8.648950769005791983e+01 7.090823517733057315e+02 2.243629951435039960e+00
2.000006969470636609e+00 8.644173052383683853e+01 7.180937652885456828e+02 2.190992653888485187e+00
2.000005362941262188e+00 8.656582140771949696e+01 7.019937547766094212e+02 2.331255522595205854e+00
2.000006354874042991e+00 8.644516291273112074e+01 7.219475716405071353e+02 2.093414120172901072e+00
