2.000009054769209538e+00 7.640174116265710325e+01 7.320000096188582575e+02 2.600009999991197862e+00
2.000000288939762338e+00 8.859930723565015853e+01 7.269530860646865449e+02 1.800000012603675703e+00
2.000008031295489541e+00 8.852800159736617047e+01 7.319996015025042198e+02 2.437036264977244571e+00
2.000009298816793901e+00 8.855138565272049789e+01 7.320000091753024662e+02 2.502846345421767538e+00
2.000003935229002661e+00 8.848581788886336597e+01 7.320000042133744955e+02 2.411630239094404882e+00
2.000008031295489541e+00 8.852960894483180709e+01 7.319926187113049991e+02 2.475753512647051124e+00
2.000004936056093641e+00 8.856305995609943693e+01 7.320000083732546727e+02 1.800267436303119917e+00
2.000005639794141477e+00 8.647134818874498308e+01 7.319998293504316962e+02 1.886788015672440588e+00
2.000007005976471408e+00 8.852800159736617047e+01 7.319999326450912349e+02 2.457479259571198504e+00
2.000009986343801227e+00 8.848421054139771513e+01 7.319498140038022029e+02 2.328231201972292830e+00
2.000005584371113532e+00 8.852527627045090242e+01 7.320000019850456283e+02 1.843657808383081464e+00
2.000005944151240556e+00 7.796466676188633471e+01 7.319999880123219782e+02 2.573194013343451658e+00
2.000006341539457555e+00 8.847822581323474367e+01 7.320000090253437293e+02 1.825164164007427647e+00
2.000005715494347136e+00 7.646884517708440399e+01 7.319987021471279149e+02 2.491007112368424981e+00
2.000005688026119888e+00 8.853282118224196040e+01 7.320000084416644768e+02 1.816480644708084125e+00
2.000005686784081860e+00 8.844989649053590597e+01 7.319963249821551017e+02 2.100970811593654286e+00
2.000005137102355945e+00 8.844989649053590597e+01 7.319991606447174490e+02 2.396969338892159129e+00
2.000003659705090531e+00 8.856588886494192536e+01 7.300322048962730150e+02 2.033929028443952181e+00
2.000008160309805216e+00 8.849199011076368038e+01 7.319993618810274256e+02 2.187192870104385456e+00
2.000004802417526761e+00 8.855021585650260363e+01 7.319360173992862428e+02 2.122432373516526916e+00
2.000005750831143736e+00 7.796466676188633471e+01 7.319990079828623948e+02 2.491944480403500251e+00
2.000004802417526761e+00 8.853930028584024114e+01 7.320000099699192333e+02 2.377458252846468056e+00
2.000005317687789663e+00 7.640174116265710325e+01 7.319999992592130411e+02 1.946705234882075031e+00
2.000005129351912547e+00 8.645243681585077411e+01 7.319327204656465256e+02 2.241258459627674338e+00
2.000007304121624863e+00 7.643558533980677794e+01 7.319999712317248850e+02 2.478457378490213081e+00
2.000008353545160933e+00 8.848951644957182339e+01 7.320000099221014125e+02 1.893231395827679631e+00
2.000005129351912547e+00 8.641918693688398889e+01 7.319952310367025348e+02 2.053905912940355627e+00
2.000006750010102419e+00 8.857064668440465027e+01 7.319996624127094265e+02 2.286262864143405960e+00
2.000006482611924596e+00 8.856588886494192536e+01 7.310508729377731925e+02 2.522409907265572571e+00
2.000006662489532072e+00 8.857547675928840647e+01 7.319998943793302715e+02 2.176186852533657401e+00
2.000007023715195231e+00 7.646854880474192839e+01 7.320000078251230207e+02 2.452836891517268469e+00
2.000009357015376299e+00 8.855138565272049789e+01 7.319999401377841650e+02 1.948722028217516611e+00
2.000006187697044524e+00 8.843674967596336955e+01 7.320000037997371010e+02 1.999717643455224847e+00
2.000007626768918190e+00 8.854061726822756384e+01 7.319329556746625940e+02 2.205828671024995469e+00
2.000004668888383019e+00 8.844081309312899464e+01 7.319999884194836568e+02 2.214548609613170793e+00
2.000007408893794025e+00 7.640174116265710325e+01 7.320000099837606058e+02 2.567618048518003349e+00
2.000005129351912547e+00 8.857585574666983064e+01 7.319952310367025348e+02 2.047827080475538963e+00
2.000004802417526761e+00 8.853930028584024114e+01 7.320000099699192333e+02 2.347254343328853743e+00
2.000006297530573018e+00 8.853924720408750204e+01 7.319986916773403891e+02 2.317007643396236993e+00
2.000004195585199707e+00 8.641792387482658455e+01 7.320000099245112324e+02 1.986912678380734265e+00
2.000005589471733458e+00 8.856755564798010028e+01 7.319996492388049774e+02 1.855584337812337337e+00
2.000005026272339670e+00 8.657304185906993155e+01 7.319480169238162262e+02 2.131189691840965406e+00
2.000005556142096630e+00 8.853931748107628152e+01 7.320000098844076319e+02 2.298927829031597536e+00
2.000004433135917026e+00 7.640174116265710325e+01 7.319996483702199157e+02 1.826306371910085158e+00
2.000004829100500370e+00 8.843282907032455853e+01 7.319926452924472642e+02 2.244208318057621998e+00
2.000008963217509539e+00 8.658314941507067886e+01 7.320000096188582575e+02 2.596211143268745580e+00
2.000003468742038049e+00 8.646481244435976521e+01 7.319313274835121774e+02 2.441362991788759818e+00
2.000006352402457832e+00 8.850913958599278430e+01 7.299058282442408654e+02 2.019654510997478170e+00
2.000004489775136562e+00 8.846947683840086540e+01 7.319324266895800974e+02 2.537994673943766877e+00
2.000008794544637869e+00 8.857626175059290574e+01 7.319999909939488134e+02 1.873803714659264097e+00
2.000005635049022512e+00 8.856755564798010028e+01 7.319998108454637986e+02 1.968087690208766505e+00
2.000005509294470851e+00 8.844874235180003552e+01 7.319738689275261549e+02 2.365107334917457838e+00
2.000004821544913547e+00 7.640288515548573400e+01 7.320000006736030400e+02 2.569624498512707689e+00
2.000003724218349710e+00 8.855778324018926639e+01 7.319749074505371027e+02 2.360038676617429054e+00
2.000006297530573018e+00 8.855016277474987874e+01 7.319360572035415089e+02 2.133269716239390323e+00
2.000005334897950071e+00 8.649073365419170045e+01 7.319055745648270204e+02 2.002420781492816548e+00
2.000006380393001049e+00 7.796466676188633471e+01 7.319989585107072116e+02 2.011398831299507695e+00
2.000005644002532890e+00 8.859223157855998920e+01 7.319991891570610960e+02 1.939757662529096205e+00
2.000005741296110529e+00 8.853204964332043403e+01 7.319953229546815692e+02 2.238746145336035998e+00
2.000004650081310231e+00 8.854425997562967154e+01 7.319997609666489780e+02 1.918385042664747964e+00
2.000004928064735399e+00 8.856489558175447030e+01 7.320000083732477378e+02 2.568184049944932212e+00
2.000004243777871338e+00 8.857007411337208680e+01 7.319964879019102000e+02 2.113435823785694279e+00
2.000004609410355627e+00 8.844134517055061906e+01 7.319934844001563761e+02 1.880287836040050564e+00
2.000007798014763694e+00 8.848343932630893960e+01 7.319329556746625940e+02 2.225147922884141760e+00
2.000005129351912547e+00 8.641918693688398889e+01 7.319952895117833123e+02 2.050495542539392702e+00
2.000007223475740670e+00 8.859901621063309562e+01 7.319777165686356284e+02 2.598245113974857912e+00
2.000004433135917026e+00 7.640174116265710325e+01 7.319999941557840657e+02 2.584742879657190073e+00
2.000004369440252727e+00 7.640174116265710325e+01 7.319996383149874646e+02 2.584742879657190073e+00
2.000007126489301346e+00 8.859930723565015853e+01 7.319194574036376935e+02 2.562942150022790244e+00
2.000005105790759075e+00 8.647393864291483112e+01 7.319956752417214147e+02 2.323508436605433047e+00
2.000004821544913547e+00 7.640288515548573400e+01 7.320000010591224964e+02 2.519408685492051880e+00
2.000004857294217064e+00 8.647243315725297919e+01 7.319999578737417778e+02 1.830794353376718808e+00
2.000006305601842005e+00 8.856824740325225775e+01 7.320000002540906507e+02 1.978131697320237414e+00
2.000005750831143736e+00 7.796466676188633471e+01 7.319989585107072116e+02 1.937880564999461708e+00
2.000005153525778567e+00 8.845576248018615217e+01 7.319999941961838203e+02 1.927712039116535214e+00
2.000005736586099037e+00 7.646884517708440399e+01 7.319999689244383489e+02 2.513082104301381126e+00
2.000007798014763694e+00 8.847966989779536107e+01 7.319518129795818595e+02 2.229536232434327303e+00
2.000008497339297531e+00 8.857589051795073942e+01 7.320000016635809743e+02 2.515341837237333067e+00
2.000005110037812006e+00 8.844328557929472368e+01 7.320000099812432381e+02 2.254742825058395628e+00
2.000004920084322180e+00 8.857369563976959626e+01 7.319999974509537424e+02 2.584742879657190073e+00
2.000003579856114655e+00 8.654791939770062470e+01 7.320000061914805656e+02 2.582614325227734042e+00
2.000007689414499801e+00 8.847077868832562331e+01 7.320000099462874914e+02 2.549030901188748643e+00
2.000005329743679727e+00 8.848951644957182339e+01 7.319961024683486812e+02 1.864500897381313083e+00
2.000005686784081860e+00 8.844989649053590597e+01 7.319964678878983477e+02 2.104043633225174847e+00
2.000006839741961695e+00 8.856704632990565074e+01 7.319998060698625295e+02 2.291415982811101149e+00
2.000007918101934568e+00 8.848951644957182339e+01 7.320000031146487345e+02 1.889840020836242029e+00
2.000005662086058678e+00 8.845798997759261795e+01 7.319998070089719704e+02 1.969005649538149827e+00
2.000003466265850793e+00 8.645245899333961859e+01 7.319999946087702938e+02 2.582614325227734042e+00
2.000006329136221339e+00 8.853924720408750204e+01 7.319987162290866536e+02 2.318015777008173739e+00
2.000005589471733458e+00 8.856755564798010028e+01 7.319999935499429284e+02 2.594158266954535996e+00
2.000003491251382659e+00 8.642010788122887277e+01 7.319313274835121774e+02 2.040759325497384591e+00
2.000005541650736962e+00 8.857064668440465027e+01 7.319999952667847083e+02 1.987103748067278630e+00
2.000005688026119888e+00 8.847239757632853241e+01 7.320000084069727109e+02 1.816480644708084125e+00
2.000003413008429654e+00 8.855778324018926639e+01 7.319742748373779477e+02 2.137308501160212426e+00
2.000005586438833305e+00 8.847822581323474367e+01 7.320000090253437293e+02 1.825164164007427647e+00
2.000005967089319547e+00 7.659972453163837258e+01 7.320000098889784113e+02 2.533709330572301965e+00
2.000009304582987202e+00 7.643558533980677794e+01 7.320000086445534180e+02 2.543094511765897181e+00
2.000005822954003420e+00 8.848397833108157329e+01 7.319955221347354382e+02 2.399978810908052651e+00
2.000007028036649981e+00 7.646854880474192839e+01 7.320000078121577189e+02 2.502642442626173747e+00
2.000005610290844338e+00 8.856704632990565074e+01 7.319998070089719704e+02 1.992256848728075846e+00
