5.288662050789441071e-01 4.236800855413328577e+02 4.043577056783948659e-03
5.288419323347002265e-01 4.257836089115002665e+02 4.101975057656044761e-03
6.339763291202015205e-01 4.931295215161873671e+02 2.044623945379611587e-03
5.522084673207018346e-01 4.391420826695561459e+02 3.382067064576336785e-03
5.320185025096604292e-01 4.263323457389667510e+02 3.957053179020134960e-03
5.891947699662726246e-01 4.627559437011310024e+02 2.627603957974308010e-03
5.411482319507465721e-01 4.321158373405492625e+02 3.678918408710092885e-03
5.564315962714805330e-01 4.418290018545561679e+02 3.278863986581624906e-03
5.561596458311174329e-01 4.437117185293230932e+02 3.334192719291113362e-03
5.975255580753394691e-01 4.679224906043615420e+02 2.493830235280524495e-03
5.365356214198765405e-01 4.291920873318762801e+02 3.815356541581634790e-03
6.089793764988140623e-01 4.746633462593367199e+02 2.324303397724300328e-03
5.677112426224401043e-01 4.490144291159435852e+02 3.027059248282794410e-03
5.786926875695040939e-01 4.560294262169297212e+02 2.811109412691195457e-03
5.628830520962295747e-01 4.459387671349533093e+02 3.130822391053535159e-03
6.100046347333569763e-01 4.761143105570713487e+02 2.318349263795775519e-03
6.213710315875461410e-01 4.834325770729953433e+02 2.174682777089178860e-03
6.015946133209940649e-01 4.699224078457521614e+02 2.427683555668450413e-03
5.509874327208680311e-01 4.375967836840054019e+02 3.406169647339032328e-03
5.866310746531929743e-01 4.611102993009799320e+02 2.670486364816691740e-03
6.137363135035303063e-01 4.777253597184902674e+02 2.261670183909282247e-03
5.302927638074432792e-01 4.252402963615407430e+02 4.013464601694705786e-03
5.944525764596945150e-01 4.651692765815557209e+02 2.533271480249401145e-03
5.837882613763807349e-01 4.585112023863308082e+02 2.711795501091540574e-03
5.740185486274822502e-01 4.522679551368310626e+02 2.892292057460485455e-03
5.806064748563325439e-01 4.564366368564589038e+02 2.764744225954884112e-03
5.701944849543040261e-01 4.524981767498118188e+02 3.006793279021487564e-03
5.723060232116762291e-01 4.519505770426197273e+02 2.933516841986611237e-03
5.546732632109669936e-01 4.424884124049941647e+02 3.356251525003607628e-03
6.267619362673481076e-01 4.880370096928587031e+02 2.121258042292730947e-03
5.963086740747253200e-01 4.673151830342759467e+02 2.514365306059875970e-03
5.774448849038036347e-01 4.552311540309401607e+02 2.834356276163910865e-03
6.287249298288440924e-01 4.873758082847650712e+02 2.082081055795432893e-03
6.005278547850221305e-01 4.698481733885643052e+02 2.449104661190792780e-03
5.930986945826093315e-01 4.644735592938770878e+02 2.556636154548997449e-03
6.269879074580380074e-01 4.862588620193463953e+02 2.101628905993492384e-03
5.652892014303690926e-01 4.474695248099408786e+02 3.078361400497224305e-03
6.067583436380269424e-01 4.719874004908576808e+02 2.341543723426407070e-03
5.704712737544260781e-01 4.499951624253152431e+02 2.958025866864603514e-03
5.349600996676965314e-01 4.275218833458263816e+02 3.847385050460692957e-03
5.754630103950274522e-01 4.531636188454278908e+02 2.860092049736246648e-03
6.305580343468301097e-01 4.909001095769946232e+02 2.081933513595747316e-03
5.441151902209138136e-01 4.332372363871793937e+02 3.588999038585725596e-03
5.761795356249931332e-01 4.544229295266900976e+02 2.858236117719352605e-03
5.469199933166790650e-01 4.350142034033302707e+02 3.512489146522915478e-03
5.664777837596801646e-01 4.482277550739456160e+02 3.053002682633319202e-03
5.825717106161273362e-01 4.577329905294066634e+02 2.733232770145263470e-03
5.337064969823827054e-01 4.274034298115248589e+02 3.903153307235536842e-03
5.908174317469463421e-01 4.650489459302917794e+02 2.619658261364314275e-03
5.714522937925491375e-01 4.506298597486817243e+02 2.943034535596337001e-03
5.429038369701746358e-01 4.340762667655573068e+02 3.648154221459319006e-03
6.044080672703926460e-01 4.717296078942799795e+02 2.387403810320839689e-03
5.611548888176037808e-01 4.466666768388158744e+02 3.202626737547284181e-03
6.053271318261734812e-01 4.731060470509242464e+02 2.382282237332038893e-03
5.573787600346673532e-01 4.424319326117611695e+02 3.256419095963132386e-03
5.356508827915118509e-01 4.286317066095887753e+02 3.842461900278652549e-03
5.962529928708323324e-01 4.685747472369119464e+02 2.532813243641292116e-03
5.384146672998191274e-01 4.303826750617955668e+02 3.758801715812225882e-03
5.626240415980856557e-01 4.468462229964011954e+02 3.155510135402161964e-03
5.813374719499302401e-01 4.577215821791540975e+02 2.762923579961367587e-03
6.320252071658936099e-01 4.895076280786571488e+02 2.045876928183304813e-03
5.439999342022336926e-01 4.339249893772803262e+02 3.598433520479474030e-03
5.640705991228817107e-01 4.466924747896906069e+02 3.104739978038255441e-03
6.339317096671023277e-01 4.931030897866866098e+02 2.045109760166255279e-03
5.296665070107278162e-01 4.241839028886764709e+02 4.016869901591370307e-03
5.620774675982109780e-01 4.483359583859596000e+02 3.201919604290622001e-03
5.422272268199553880e-01 4.328000356516473062e+02 3.648154376371900466e-03
5.383373044308403799e-01 4.303335649456637952e+02 3.761105111859432571e-03
6.196270522980185103e-01 4.821244867554391931e+02 2.194022056140082499e-03
6.121142063373501419e-01 4.766787819791647962e+02 2.282680194573877448e-03
5.586094994458576934e-01 4.432126617891221372e+02 3.227589673131862642e-03
6.245073760904984450e-01 4.852669769275132126e+02 2.136099573108584705e-03
5.459926546149239668e-01 4.351900770734831667e+02 3.543879364086433090e-03
5.459965766500964879e-01 4.351920368080586741e+02 3.543773743615913699e-03
5.394177619225336562e-01 4.302593081704420115e+02 3.723311707211453443e-03
6.229798846159000369e-01 4.844693426397888629e+02 2.155593221206182197e-03
5.917365121704649678e-01 4.635977104403800126e+02 2.578370179917092476e-03
5.337272934948288361e-01 4.274137671698956638e+02 3.902469977907934741e-03
6.121142132779384681e-01 4.766787852234175489e+02 2.282680183631379239e-03
5.864269019609339439e-01 4.608131925411959742e+02 2.671795536077623944e-03
6.228176870425418121e-01 4.841787656592179019e+02 2.155845761975337411e-03
5.479809474276343684e-01 4.364561037158860586e+02 3.490839064928803574e-03
5.394179550480771024e-01 4.302593921098576288e+02 3.723311338397235128e-03
6.320253473011540057e-01 4.895076947263041234e+02 2.045876717443422237e-03
6.180833764345151637e-01 4.813143331193606969e+02 2.214621027743422961e-03
6.305537042145207272e-01 4.908963073808128001e+02 2.081973363764645125e-03
5.288599656273814675e-01 4.257926175057188516e+02 4.101338438000033323e-03
6.195349391935195404e-01 4.820628513095292647e+02 2.195106089390846775e-03
5.585851673216662983e-01 4.432002611275195250e+02 3.228190985961826645e-03
5.917377820073548289e-01 4.635982924584679381e+02 2.578368073612187245e-03
6.170620464827470952e-01 4.798647966320653495e+02 2.219569134226015514e-03
6.245066767136582264e-01 4.852666453769623445e+02 2.136100643471345369e-03
6.147868677344131561e-01 4.791928062522402456e+02 2.255997498459475122e-03
6.147867812010207045e-01 4.791927602255363468e+02 2.255998707860363151e-03
5.851032496109165315e-01 4.601344208705836536e+02 2.696681061231317143e-03
6.163252059038619723e-01 4.799973701713562946e+02 2.234742213891351744e-03
6.036814162066769240e-01 4.720488005748662204e+02 2.405506457795937407e-03
6.179171579077035181e-01 4.812105356576527129e+02 2.216710999855992480e-03
6.036853316514542156e-01 4.720508677148919219e+02 2.405445727530626000e-03
5.480001559246437948e-01 4.364657928009607986e+02 3.490305416818537988e-03
