2.000002402152019965e+00 7.650711311759290822e+01 7.110096255543597863e+02 2.580079539347831297e+00
2.000009705848010633e+00 7.649223414266582211e+01 6.950060604739433074e+02 2.600002964388857141e+00
2.000002522605913935e+00 8.050871254105597075e+01 6.940007119299964415e+02 1.800002301278870842e+00
2.000009974604370022e+00 7.649463271373829798e+01 7.060072700790185536e+02 2.339210120199445520e+00
2.000008501965848229e+00 7.650813049805891808e+01 7.060074910542680300e+02 2.549907420156802829e+00
2.000009152654441458e+00 7.649176288455647921e+01 7.060072659829548911e+02 2.030169428461446213e+00
2.000006921291715312e+00 7.650722754877156717e+01 7.060072700790185536e+02 2.450332508954026434e+00
2.000008041818682969e+00 7.649306464821603413e+01 7.060072700790185536e+02 2.299371207935676065e+00
2.000009261464022803e+00 8.050447488114643591e+01 6.870099552196960531e+02 2.380877107058978925e+00
2.000001302079893239e+00 7.650722583414481903e+01 7.070005605614687738e+02 1.970530199062722199e+00
2.000009656600306052e+00 7.650853606310022315e+01 7.060072700790185536e+02 2.499687980468100257e+00
2.000009830056169502e+00 8.050872273092785747e+01 7.060072700790185536e+02 1.940817724222206886e+00
2.000001961925625515e+00 7.650692955595538081e+01 7.060072700790185536e+02 2.199403564021011892e+00
2.000009544406946560e+00 7.650807438597051657e+01 7.060072700790185536e+02 2.109720245573349029e+00
2.000009974604370022e+00 7.649078476157893647e+01 7.060072700790185536e+02 2.240989132049053811e+00
2.000006983202713418e+00 7.650634575905388601e+01 7.060072700790185536e+02 1.889142223823867095e+00
2.000008760407942177e+00 7.650810464384355214e+01 7.060072700790185536e+02 1.819833328366626368e+00
2.000009900496082960e+00 8.049595457106980234e+01 7.060072700790185536e+02 1.990190708152719257e+00
2.000009981429503814e+00 8.050679707077169667e+01 7.060072700790185536e+02 2.409211979355951883e+00
2.000008816968088965e+00 7.650741306029510724e+01 7.060072700790185536e+02 2.049191333015948135e+00
2.000009857847889094e+00 8.049192056356696412e+01 7.060072700790185536e+02 1.909985296918952358e+00
2.000000644893528357e+00 7.650888674679445955e+01 7.060072665331065309e+02 2.569643455471735560e+00
2.000001156913512990e+00 8.049947125470657738e+01 7.070034734330696438e+02 2.039580050539093747e+00
2.000000761278998951e+00 8.049517463733528189e+01 7.060071658958246417e+02 2.120342875189477727e+00
2.000001900325635518e+00 8.049517463733528189e+01 7.060023797034673407e+02 2.199035407688395338e+00
2.000009087620372661e+00 7.650702628292032159e+01 7.110096255543597863e+02 2.089945400266908671e+00
2.000009997199314160e+00 7.649309463688868505e+01 6.940088936659582259e+02 2.190942730499122693e+00
2.000000923354021243e+00 7.649186205910437764e+01 7.060072700790185536e+02 2.160793756380468000e+00
2.000001478357484874e+00 7.650700577656600387e+01 6.940026778539732959e+02 2.329503789622266119e+00
2.000009841338217687e+00 8.050455109048614588e+01 6.959943890845549959e+02 1.839610625241898667e+00
2.000009796914568483e+00 7.650530728701757255e+01 7.060072700790185536e+02 1.979808315027826282e+00
2.000003383747613217e+00 7.650888651162073018e+01 7.060072700790185536e+02 2.119570687291221223e+00
2.000009573383938477e+00 8.050872273092785747e+01 7.060072819279735086e+02 1.819492762113968931e+00
2.000001906933262852e+00 7.650716670196875668e+01 7.070005605614687738e+02 1.950111127089851903e+00
2.000009309101426158e+00 8.049517463733528189e+01 7.060052940172707849e+02 2.050282697857691794e+00
2.000009324014475176e+00 8.049517463733528189e+01 7.060052940172707849e+02 1.829428503179267196e+00
2.000009250712124320e+00 7.650759866940998677e+01 7.060072700790185536e+02 2.220188795595450681e+00
2.000009988620803369e+00 8.050872273092785747e+01 7.130027278783570637e+02 1.949165221647667368e+00
2.000009995695668064e+00 7.649186102149636213e+01 7.109986509382649729e+02 2.170917609911304780e+00
2.000009994589052376e+00 7.649186102149636213e+01 7.109986509382649729e+02 2.510855038837036535e+00
2.000009087620372661e+00 7.650702574984816806e+01 7.110096255543597863e+02 2.130382750530410263e+00
2.000009563914137534e+00 8.049937473203479499e+01 6.940009698673707135e+02 1.819310766090317832e+00
2.000009596945337531e+00 8.049517463733528189e+01 7.060052617269141138e+02 2.479467939158637169e+00
2.000006783746920203e+00 7.650713244606117769e+01 7.060059125967096634e+02 2.129604769506364015e+00
2.000009983594571494e+00 8.050679707077169667e+01 7.060072700790185536e+02 2.450417856408054540e+00
2.000007581167556392e+00 7.650663859127082844e+01 7.060072700790185536e+02 2.209929674496728946e+00
2.000000761278998951e+00 8.049517463733528189e+01 7.060072742488828226e+02 2.129841231272045388e+00
2.000009559994372577e+00 7.649388901419493436e+01 7.060072700790185536e+02 2.530683792776440288e+00
2.000001255367360731e+00 8.050466215089940647e+01 6.940049907231978068e+02 2.079147442660264744e+00
2.000001675421382963e+00 8.049517463733528189e+01 7.060023797034673407e+02 2.220655974933996912e+00
2.000001529492817287e+00 7.650729194158556368e+01 6.999915720743701968e+02 2.439072347769979388e+00
2.000009857847889094e+00 8.049192056356696412e+01 7.060072700790185536e+02 1.970992270776869448e+00
2.000008391628386839e+00 7.649178147288453999e+01 6.940026944620797167e+02 2.269491686186596802e+00
2.000003371400102647e+00 7.650888646839199225e+01 7.060072700790185536e+02 1.919221869988301910e+00
2.000008237467189698e+00 7.649306464821603413e+01 7.060072700790185536e+02 2.290620447988494401e+00
2.000009439430514124e+00 7.650849674408513579e+01 7.060072651241376889e+02 2.509372939341014686e+00
2.000009550355541066e+00 8.050427650071321750e+01 6.940009691311803408e+02 2.039428091585058223e+00
2.000009541481658104e+00 7.650847105199518694e+01 7.060072700790185536e+02 2.479356332748202885e+00
2.000001818925610131e+00 7.649488100218266595e+01 6.989902246508945609e+02 2.250885707701631766e+00
2.000006783746920203e+00 7.650713297913331701e+01 7.060059125967096634e+02 2.089167419242862422e+00
2.000009973653542605e+00 8.049517463733528189e+01 7.060052940172707849e+02 1.800505061161820963e+00
2.000009978091596530e+00 7.650775701855712896e+01 7.060072942229398905e+02 2.420766698266028527e+00
2.000007006581335123e+00 7.650723171643835485e+01 7.060072700790185536e+02 2.230791326739477665e+00
2.000009495477386157e+00 8.049645762482265354e+01 6.940007119299964415e+02 1.800118250615637461e+00
2.000009087620372661e+00 7.650702574984816806e+01 7.110096255543597863e+02 2.570796952635729049e+00
2.000002402276620739e+00 7.650682229700588266e+01 6.870099935141771539e+02 2.269436737397476644e+00
2.000002007037267049e+00 7.650729194158556368e+01 7.060072700790185536e+02 2.439072347769979388e+00
2.000009059443310644e+00 7.650880568578587315e+01 7.060072700790185536e+02 2.480193104492599776e+00
2.000004659261301221e+00 7.649471918645922131e+01 7.070014586350745276e+02 1.829159718394093970e+00
2.000009862550780504e+00 8.050872273092785747e+01 7.060072700790185536e+02 1.920514817270733587e+00
2.000009747343869382e+00 7.650811470906162981e+01 7.060072700790185536e+02 2.279555271603280975e+00
2.000001335267688418e+00 7.649471918645922131e+01 7.070014586350745276e+02 1.800602940995277512e+00
2.000009837634658449e+00 7.650704890967631400e+01 7.060072700790185536e+02 2.400502679176179210e+00
2.000008556318059849e+00 7.650954905477323109e+01 7.060072700790185536e+02 2.400502679176179210e+00
2.000001898211971607e+00 8.049517463733528189e+01 7.060071706348006728e+02 2.529960063744874255e+00
2.000006212655917714e+00 7.650888713391911722e+01 7.060072700790185536e+02 1.810430970159660591e+00
2.000007121649746367e+00 8.050830853208020699e+01 7.060072524301788235e+02 2.060408124996754520e+00
2.000009439430514124e+00 7.650849674408513579e+01 7.060072700790185536e+02 2.530683792776440288e+00
2.000009828818798852e+00 8.050872273092785747e+01 7.060072700790185536e+02 1.920514817270733587e+00
2.000001302079893239e+00 7.650722583414481903e+01 7.070005605614687738e+02 2.049761557177397275e+00
2.000004659261301221e+00 7.649471918645922131e+01 7.070014586350745276e+02 1.810388405846703908e+00
2.000003350897120225e+00 7.649257069663481445e+01 7.060025167326108431e+02 2.380422192092165545e+00
2.000000761278998951e+00 8.049517463733528189e+01 7.060071658958246417e+02 2.529960063744874255e+00
2.000009324014475176e+00 8.049517463733528189e+01 7.060052940172707849e+02 1.800505061161820963e+00
2.000009871593960487e+00 7.650816604109641617e+01 7.060072700790185536e+02 1.839369499799289098e+00
2.000009563914137534e+00 8.050427650071321750e+01 6.940009698673707135e+02 1.819386781916140672e+00
2.000009789261878890e+00 7.650512778417247262e+01 6.950060604739433074e+02 2.600002964388857141e+00
2.000008085636355126e+00 7.650952038030136748e+01 7.069986493027267898e+02 1.829866390452477454e+00
2.000009353086113162e+00 7.649226816721987632e+01 7.060072700790185536e+02 2.279555271603280975e+00
2.000000628612519815e+00 8.050830853208020699e+01 7.060072524301788235e+02 2.060408124996754520e+00
2.000006983202713418e+00 8.049400617428379689e+01 7.060072700790185536e+02 1.889142223823867095e+00
2.000004634841423101e+00 7.649471918645922131e+01 7.070014586350745276e+02 1.800602940995277512e+00
2.000000994996999903e+00 7.650020101319023524e+01 7.060072700790185536e+02 1.859296755357392250e+00
2.000000994996999903e+00 7.650015311549404373e+01 7.060072700790185536e+02 1.859296755357392250e+00
2.000001083815389880e+00 7.649306464821603413e+01 7.060072700790185536e+02 2.060407307462089221e+00
2.000007840475333420e+00 7.650958846367754518e+01 7.069986493027267898e+02 1.849151015634815876e+00
2.000000827150475669e+00 7.650665218208528984e+01 7.060072700790185536e+02 1.929993345818471484e+00
2.000009444532635072e+00 7.649194631716730441e+01 7.060072700790185536e+02 1.840191066823434696e+00
2.000000827150475669e+00 7.650888483652100547e+01 7.060072700790185536e+02 1.929993345818471484e+00
2.000003350897120225e+00 7.650546433814145075e+01 7.060025167326108431e+02 2.380422192092165545e+00
