5.249854025673182933e-01 4.185729009375165788e+02 4.106469614830625392e-03
6.436330277381058229e-01 4.912985666775282425e+02 1.887533609944639333e-03
5.567396393773843544e-01 4.360241251091449044e+02 3.192048322509180667e-03
5.503171392247113713e-01 4.320438675010338443e+02 3.348218149954044435e-03
5.592645829447542294e-01 4.375959840087066937e+02 3.133907024742314112e-03
5.529051708118856157e-01 4.336501599735540253e+02 3.283835274474285453e-03
6.428268333927932288e-01 4.898071716584773867e+02 1.888639574597926864e-03
6.242670813489800130e-01 4.785159369124696696e+02 2.084170438380233362e-03
5.546989749410997650e-01 4.347600065669295191e+02 3.240360174875429964e-03
5.681295668102327445e-01 4.431049564908679486e+02 2.942999314544679328e-03
6.350639451358164322e-01 4.849306718209599012e+02 1.965652082497821966e-03
5.294304031854204506e-01 4.210220635489578171e+02 3.954594036442577766e-03
6.382185998640639291e-01 4.869228539868055350e+02 1.933746094970569896e-03
5.346288680411662719e-01 4.245081470278929601e+02 3.792950097552124592e-03
6.398556367108353404e-01 4.879428865801805273e+02 1.917485798842282711e-03
5.956903899243380929e-01 4.602704613011433707e+02 2.457567370058243942e-03
5.607286548031937823e-01 4.385100791973666219e+02 3.100978974244683953e-03
6.054075290745783988e-01 4.666632555035315022e+02 2.320981867796536625e-03
5.846187072945656649e-01 4.533553346989771171e+02 2.635148306530977168e-03
5.929985161514771397e-01 4.585821227583741120e+02 2.498904352498597294e-03
5.366691613857419441e-01 4.254892972841863639e+02 3.728963639508356062e-03
5.628983061191971116e-01 4.398403479083678462e+02 3.053202386318747477e-03
5.976762086965760057e-01 4.637316860118116892e+02 2.444612206853652350e-03
5.750454847083378285e-01 4.477611049947878428e+02 2.808041808808137488e-03
5.357327320731114506e-01 4.251960352651407220e+02 3.759583505834176564e-03
6.266313403754855127e-01 4.796391587888723507e+02 2.055801569032590474e-03
5.989273991846515433e-01 4.626517808954750421e+02 2.410970581360925239e-03
5.729483005342713708e-01 4.460769563532691109e+02 2.846979888837268460e-03
5.485766482194693872e-01 4.310962123486610835e+02 3.395170597850364572e-03
5.861187955777670266e-01 4.542756771315528113e+02 2.609794661165710204e-03
5.381670628023340619e-01 4.266939623583950265e+02 3.687479210011146077e-03
6.178567158040434437e-01 4.741229807058430197e+02 2.157502655241181570e-03
6.099362904072151981e-01 4.691806226415754963e+02 2.257199263052110574e-03
5.824035257402809806e-01 4.519771772925012101e+02 2.673402239324456156e-03
5.811862835261230043e-01 4.512255951965306053e+02 2.694681682859076995e-03
5.277405209343496439e-01 4.202705920406476707e+02 4.012818986440564242e-03
6.032075450658710425e-01 4.649464393452120134e+02 2.348133602531878202e-03
5.661281089899590224e-01 4.418448700185019788e+02 2.984307722288379559e-03
5.694443283829445646e-01 4.439047336792558553e+02 2.916200218409083656e-03
6.085504047031469188e-01 4.686714686606310920e+02 2.277101080235582626e-03
6.330826072140540717e-01 4.836777684904052990e+02 1.986161523583000049e-03
5.887998260848329446e-01 4.563075728742084038e+02 2.566958400371479286e-03
5.714673302055123250e-01 4.451616329403039458e+02 2.875907607606144247e-03
6.165754700501505647e-01 4.755799364070011279e+02 2.190461760385464113e-03
5.776266884759654330e-01 4.490120214436986430e+02 2.758817720308741686e-03
5.391000158148858690e-01 4.254504163986788399e+02 3.651986261826981398e-03
5.534492776895856281e-01 4.343518021958825557e+02 3.270908332358964457e-03
6.073901523042923856e-01 4.679382994373859219e+02 2.294318440449912705e-03
5.469007603908648818e-01 4.299542665608902894e+02 3.436620818460895017e-03
6.300077334588642941e-01 4.817442147735034155e+02 2.018788885561417258e-03
6.149002685164002280e-01 4.722669203801715412e+02 2.193774543573463048e-03
5.640836470142364112e-01 4.405953178018639846e+02 3.027688830921454206e-03
5.275699360305246000e-01 4.201651419674250860e+02 4.018529678316554686e-03
5.647803153866773895e-01 4.410087138273643177e+02 3.012799515500355976e-03
5.915776895841665661e-01 4.576953514724373804e+02 2.521169350802261559e-03
6.063960905604881546e-01 4.673262220796142401e+02 2.306033048175453511e-03
5.910532149352843989e-01 4.592885544979110364e+02 2.542498669549576613e-03
6.193260168936031151e-01 4.750370563527964691e+02 2.139837802349338781e-03
5.784195561938133556e-01 4.494879131780136277e+02 2.744267102166732860e-03
6.226378963096560470e-01 4.771228683973162106e+02 2.101014115984567877e-03
5.442458978413000636e-01 4.282881424528451362e+02 3.507667666201018733e-03
5.942121970415998877e-01 4.593263287591174731e+02 2.480025236548649443e-03
6.286951509281386574e-01 4.809447942641854183e+02 2.033137089029455648e-03
5.799778177891253828e-01 4.504763097300025265e+02 2.716273588554077387e-03
5.994025823337847392e-01 4.629488115455094430e+02 2.404047103253388780e-03
5.415906068293590003e-01 4.266456254365969016e+02 3.581371337473027248e-03
5.262762309792626825e-01 4.193680255948131617e+02 4.062182258934345438e-03
5.262762741366139307e-01 4.193680955557464358e+02 4.062182238271823398e-03
5.447767812562267498e-01 4.286213064040866811e+02 3.493455608177233312e-03
5.657475872070033551e-01 4.419679863163723894e+02 2.993013254596455994e-03
5.319699563729217706e-01 4.228789176859818326e+02 3.875558288677270757e-03
6.337358033440884109e-01 4.844645027470006653e+02 1.981250584083319409e-03
6.133760584283559636e-01 4.713117782812756218e+02 2.212889206064396885e-03
6.016825231691574905e-01 4.659379673926430883e+02 2.383314834796194936e-03
6.210015780908847427e-01 4.761119475471548981e+02 2.120126544481935622e-03
5.326297257130925278e-01 4.232737727066442517e+02 3.854698287303995850e-03
5.794440628972659102e-01 4.501416633311244482e+02 2.725819440296897451e-03
5.491619470902121547e-01 4.313250963233501807e+02 3.377641265724306945e-03
5.764027240507192396e-01 4.482474309804052837e+02 2.781435702669619175e-03
5.427615930176326042e-01 4.273698751203884854e+02 3.548529085614494146e-03
5.402599391242159932e-01 4.261722817098672635e+02 3.618561802655950559e-03
5.458733715719170654e-01 4.293098518030855075e+02 3.463700939676732805e-03
6.314306603691713926e-01 4.826542152994359185e+02 2.003649870166844538e-03
5.952783007217842259e-01 4.600130848260149037e+02 2.463811768841016672e-03
5.723569869446923919e-01 4.457099375592826505e+02 2.858467290514560711e-03
6.271904065930153926e-01 4.799901731827199001e+02 2.049603997531570035e-03
6.145809840984479688e-01 4.720861905019337996e+02 2.197836404945483282e-03
5.401325688130292901e-01 4.261101302208485890e+02 3.622199169593135534e-03
5.693324260142167415e-01 4.438352081200479802e+02 2.918456115542026295e-03
5.419110137770308810e-01 4.268457369202941436e+02 3.572286195346854182e-03
6.007771776685190135e-01 4.638188902312717801e+02 2.384322193052234272e-03
6.120304170811780020e-01 4.704684086079132044e+02 2.230007156870548665e-03
6.397501620192217464e-01 4.878873209258554198e+02 1.918573824668267074e-03
5.910597224219860113e-01 4.573644203484856803e+02 2.529304563968317373e-03
6.382187648562520632e-01 4.869229304612197211e+02 1.933745850019901423e-03
5.309765815821188006e-01 4.222291601568753094e+02 3.906757871975743632e-03
5.299187141886035901e-01 4.216074233458880371e+02 3.941097082512372111e-03
5.604643503633113255e-01 4.383408790246397189e+02 3.106883594787007360e-03
5.335701887988046899e-01 4.238543996774092761e+02 3.825442547332826276e-03
6.112547423267350455e-01 4.699832777750719401e+02 2.239981400780229146e-03
