5.251234228619545696e-01 4.186392900618466797e+02 4.101579817151434354e-03
5.339801145104032809e-01 4.229174350832997220e+02 3.805776090558687149e-03
5.306009814039612804e-01 4.212808519820356423e+02 3.913893553933484905e-03
5.386572622053789061e-01 4.251912182135866942e+02 3.664910909953604176e-03
5.271881109594027670e-01 4.196333088726441929e+02 4.028941623934871943e-03
5.359818818483285119e-01 4.250579534479147696e+02 3.749456504768780129e-03
5.724216171500202677e-01 4.457614360084991176e+02 2.857251579720145908e-03
6.052965710315819647e-01 4.666198579055900382e+02 2.320846920418332803e-03
6.171812952686227538e-01 4.756486604651117887e+02 2.179736553122990812e-03
6.205345530458031833e-01 4.777545007505428885e+02 2.139622218372093290e-03
6.188489912927459535e-01 4.766958269458452264e+02 2.159624584743784388e-03
6.056263793240034277e-01 4.664717647612043265e+02 2.314755080415977200e-03
5.378232482023901362e-01 4.261953789233747329e+02 3.694874705025755126e-03
5.341689135064071614e-01 4.239385823450811017e+02 3.804476712541869469e-03
5.497089733102210607e-01 4.320204882338923653e+02 3.363671376139603340e-03
6.374465072793185083e-01 4.867929945661777538e+02 1.943309184470339880e-03
5.487195889704482576e-01 4.320242772741534054e+02 3.390482199525098484e-03
6.199747367089468719e-01 4.769240669090264646e+02 2.141710783335195548e-03
5.332728713518937180e-01 4.233855333812305162e+02 3.832151219439687995e-03
5.368989731664359777e-01 4.256243821987461615e+02 3.722110803893509748e-03
5.607940566809588301e-01 4.388881789012883132e+02 3.100037368118327853e-03
5.471274470420219860e-01 4.314897724066571527e+02 3.434090002918469171e-03
6.339233699190850446e-01 4.845772566050966930e+02 1.979283984440253791e-03
5.604851812197766403e-01 4.383501917609365819e+02 3.106427099655170547e-03
6.212139553520360513e-01 4.784740800999663293e+02 2.134761046979908022e-03
5.477435951020186433e-01 4.314202520268008811e+02 3.415665571637626578e-03
6.085266866570454569e-01 4.682867916591644075e+02 2.275729335095663664e-03
5.481158623893785942e-01 4.321016486884462893e+02 3.408443133159698695e-03
5.474807100143653793e-01 4.321692522188576504e+02 3.428541826761597345e-03
6.112172020985515708e-01 4.703267997691091296e+02 2.242176753451160208e-03
6.173768783241198044e-01 4.741873972539140709e+02 2.165087896372773751e-03
5.461469389832483978e-01 4.308829321436480768e+02 3.459843070895702710e-03
6.233314104218565799e-01 4.790322251430545748e+02 2.102629838940878529e-03
5.420464225753144349e-01 4.278971724964259238e+02 3.568928793328592780e-03
5.467753140524806987e-01 4.308211375538170955e+02 3.440951943227096507e-03
6.155311788609799661e-01 4.746128147030888726e+02 2.199958123509714730e-03
6.067550926077986961e-01 4.675326923394815708e+02 2.301031130874466035e-03
6.392367118953155014e-01 4.879193280297271826e+02 1.925470032287457086e-03
6.106835368752769888e-01 4.715713952316175437e+02 2.261280446714980172e-03
6.260656403065816278e-01 4.802806421441659950e+02 2.067968915578847437e-03
6.267603999322418629e-01 4.811869725093263241e+02 2.063973687420411589e-03
6.194162557401667879e-01 4.761052687298813453e+02 2.144600526424331188e-03
6.330030634381930144e-01 4.846415877101967453e+02 1.992985296364449543e-03
5.413032751714225155e-01 4.264818355882663923e+02 3.589418997183809953e-03
5.557755799456128853e-01 4.363951772708184649e+02 3.217082580091802733e-03
5.842840393607062754e-01 4.531449919213883959e+02 2.640871209627315436e-03
5.599925286531256541e-01 4.390107495557632546e+02 3.120263071765519598e-03
5.972501131018858045e-01 4.612351082087168379e+02 2.434150677485057146e-03
5.711779578597645513e-01 4.459601960976009991e+02 2.885424264335811635e-03
5.945611807374566737e-01 4.595557380978875130e+02 2.474721996877462995e-03
5.454866687290790273e-01 4.309346517377911709e+02 3.480931586354300226e-03
5.941182314772371909e-01 4.596316517131184014e+02 2.482931184019042045e-03
5.939825005332730612e-01 4.601777467300242392e+02 2.488670279151936060e-03
5.824986418047440884e-01 4.523829905880145930e+02 2.672836618475605414e-03
5.705717530438916274e-01 4.465065481280167319e+02 2.904918235853360970e-03
5.764381282341594082e-01 4.486087749050383309e+02 2.781798752999862373e-03
5.830505817405123858e-01 4.523764308740922502e+02 2.662074553928822467e-03
5.747263601765514318e-01 4.481682247943031143e+02 2.816981111907285174e-03
5.885844876933847836e-01 4.568066528533305473e+02 2.573953846060619485e-03
5.495075916518914472e-01 4.334247781318066473e+02 3.376590475198958802e-03
5.867841474386451539e-01 4.547033645518507683e+02 2.598754316162817709e-03
5.639612280021994994e-01 4.419295730375384323e+02 3.036483872993674723e-03
5.837433553275397369e-01 4.531587049634097184e+02 2.651340687174901043e-03
5.597451676483649052e-01 4.382376108013974658e+02 3.123509936780015980e-03
5.855285112106959344e-01 4.539206039874671887e+02 2.619764463705313851e-03
5.521505680775439240e-01 4.346007889448680999e+02 3.306917636309243506e-03
6.082278952401271033e-01 4.684547009887891136e+02 2.281314173198648130e-03
5.833839796579983750e-01 4.535621728311605807e+02 2.660885404600388335e-03
5.880511009507061182e-01 4.554933728992379542e+02 2.577840766999827879e-03
5.563198772864571540e-01 4.371857365920682241e+02 3.207091310954193839e-03
5.547239850902082603e-01 4.366587085136447968e+02 3.248630131423895818e-03
6.041991617040579632e-01 4.670319398108947553e+02 2.343487398414550917e-03
5.996011694159104621e-01 4.630575771879642275e+02 2.401098397274293705e-03
5.452735782889249760e-01 4.310839207630522196e+02 3.489407474935546111e-03
5.812649943279691866e-01 4.516143603621663942e+02 2.694431381644358213e-03
5.700157117641984073e-01 4.452373295599901439e+02 2.908444647432539918e-03
5.547428822709700169e-01 4.357550214489779137e+02 3.241544955865730600e-03
5.846661937449117996e-01 4.543618147234170692e+02 2.638998015750032827e-03
5.584571604830358416e-01 4.385117811643332288e+02 3.157815337587445859e-03
5.927792903684402370e-01 4.587955627579476641e+02 2.503636460375352913e-03
5.958994116987130774e-01 4.603914246530383139e+02 2.454388037991507565e-03
5.612809936301151881e-01 4.407291488875852110e+02 3.098694585141851567e-03
5.888359432599674648e-01 4.563343994955437779e+02 2.566345280652577825e-03
5.752576312618158383e-01 4.478741507810303233e+02 2.803887675508861654e-03
5.859602381346492583e-01 4.551690361596760113e+02 2.617213626376618286e-03
5.792656111750000836e-01 4.519228599159212081e+02 2.741118035620528949e-03
5.732781148247277914e-01 4.477241412776147627e+02 2.847875837003709543e-03
5.621542409954378705e-01 4.403525041694687161e+02 3.072471314464035336e-03
5.697073872219938773e-01 4.455020161267258345e+02 2.917807363861475364e-03
5.693741400838505662e-01 4.457611841205069254e+02 2.928756672488116650e-03
5.999896403318950577e-01 4.629469299158907347e+02 2.393965751610674375e-03
5.742299155535596222e-01 4.487844362631166746e+02 2.834060537994193690e-03
5.818279908978647441e-01 4.516148251303915231e+02 2.683374496609835375e-03
5.899150357846311143e-01 4.576372709359293367e+02 2.552478455118035224e-03
5.628415517443031701e-01 4.412339695814059723e+02 3.060537769475503607e-03
5.677212445053594347e-01 4.438107876317848195e+02 2.954794412056823295e-03
5.781905548140925388e-01 4.507838899277485325e+02 2.756120576251833935e-03
5.568167855092199803e-01 4.370407581419965481e+02 3.192723203794817135e-03
5.658445843933096464e-01 4.435655643517789031e+02 3.000929594437477376e-03
6.013788312936089175e-01 4.638153054906464376e+02 2.374018186242742023e-03
