2.000000000000000000e+00 7.650000000000000000e+01 7.320000000000000000e+02 2.600000000000000089e+00
2.000000000000000000e+00 8.300000000000000000e+01 7.320000000000000000e+02 2.600000000000000089e+00
2.000000000000000000e+00 8.050000000000000000e+01 7.320000000000000000e+02 2.600000000000000089e+00
2.000000000000000000e+00 8.650000000000000000e+01 7.320000000000000000e+02 2.600000000000000089e+00
2.000000000000000000e+00 7.800000000000000000e+01 7.320000000000000000e+02 2.600000000000000089e+00
2.000000000000000000e+00 7.800000000000000000e+01 7.320000000000000000e+02 2.500000000000000000e+00
2.000000000000000000e+00 8.850000000000000000e+01 7.320000000000000000e+02 2.290000000000000036e+00
2.000000000000000000e+00 8.650000000000000000e+01 7.320000000000000000e+02 2.009999999999999787e+00
2.000000000000000000e+00 7.800000000000000000e+01 7.320000000000000000e+02 1.840000000000000080e+00
2.000000000000000000e+00 7.800000000000000000e+01 7.320000000000000000e+02 1.820000000000000062e+00
2.000000000000000000e+00 7.800000000000000000e+01 7.320000000000000000e+02 1.830000000000000071e+00
2.000000000000000000e+00 8.850000000000000000e+01 7.320000000000000000e+02 2.029999999999999805e+00
2.000000000000000000e+00 7.800000000000000000e+01 7.320000000000000000e+02 2.479999999999999982e+00
2.000000000000000000e+00 7.800000000000000000e+01 7.320000000000000000e+02 2.520000000000000018e+00
2.000000000000000000e+00 8.650000000000000000e+01 7.320000000000000000e+02 2.479999999999999982e+00
2.000000000000000000e+00 8.650000000000000000e+01 7.320000000000000000e+02 1.810000000000000053e+00
2.000000000000000000e+00 8.300000000000000000e+01 7.320000000000000000e+02 2.439999999999999947e+00
2.000000000000000000e+00 8.050000000000000000e+01 7.320000000000000000e+02 1.850000000000000089e+00
2.000000000000000000e+00 7.800000000000000000e+01 7.320000000000000000e+02 2.529999999999999805e+00
2.000000000000000000e+00 7.800000000000000000e+01 7.320000000000000000e+02 2.490000000000000213e+00
2.000000000000000000e+00 8.650000000000000000e+01 7.320000000000000000e+02 2.370000000000000107e+00
2.000000000000000000e+00 8.050000000000000000e+01 7.320000000000000000e+02 2.419999999999999929e+00
2.000000000000000000e+00 8.650000000000000000e+01 7.320000000000000000e+02 1.830000000000000071e+00
2.000000000000000000e+00 8.850000000000000000e+01 7.320000000000000000e+02 2.399999999999999911e+00
2.000000000000000000e+00 7.650000000000000000e+01 7.320000000000000000e+02 1.800000000000000044e+00
2.000000000000000000e+00 8.300000000000000000e+01 7.320000000000000000e+02 2.450000000000000178e+00
2.000000000000000000e+00 8.850000000000000000e+01 7.320000000000000000e+02 2.009999999999999787e+00
2.000000000000000000e+00 8.050000000000000000e+01 7.320000000000000000e+02 2.410000000000000142e+00
2.000000000000000000e+00 7.800000000000000000e+01 7.320000000000000000e+02 2.379999999999999893e+00
2.000000000000000000e+00 8.650000000000000000e+01 7.320000000000000000e+02 1.969999999999999973e+00
2.000000000000000000e+00 8.650000000000000000e+01 7.320000000000000000e+02 1.929999999999999938e+00
2.000000000000000000e+00 8.050000000000000000e+01 7.320000000000000000e+02 2.430000000000000160e+00
2.000000000000000000e+00 8.050000000000000000e+01 7.320000000000000000e+02 1.830000000000000071e+00
2.000000000000000000e+00 8.300000000000000000e+01 7.320000000000000000e+02 2.509999999999999787e+00
2.000000000000000000e+00 8.300000000000000000e+01 7.320000000000000000e+02 2.459999999999999964e+00
2.000000000000000000e+00 7.800000000000000000e+01 7.320000000000000000e+02 1.850000000000000089e+00
2.000000000000000000e+00 8.650000000000000000e+01 7.320000000000000000e+02 2.000000000000000000e+00
2.000000000000000000e+00 8.650000000000000000e+01 7.320000000000000000e+02 1.800000000000000044e+00
2.000000000000000000e+00 7.800000000000000000e+01 7.320000000000000000e+02 1.879999999999999893e+00
2.000000000000000000e+00 8.300000000000000000e+01 7.320000000000000000e+02 1.840000000000000080e+00
2.000000000000000000e+00 8.050000000000000000e+01 7.320000000000000000e+02 1.810000000000000053e+00
2.000000000000000000e+00 8.300000000000000000e+01 7.320000000000000000e+02 1.879999999999999893e+00
2.000000000000000000e+00 8.300000000000000000e+01 7.320000000000000000e+02 1.800000000000000044e+00
2.000000000000000000e+00 8.850000000000000000e+01 7.320000000000000000e+02 2.600000000000000089e+00
2.000000000000000000e+00 8.300000000000000000e+01 7.320000000000000000e+02 2.370000000000000107e+00
2.000000000000000000e+00 8.850000000000000000e+01 7.320000000000000000e+02 2.189999999999999947e+00
2.000000000000000000e+00 8.300000000000000000e+01 7.320000000000000000e+02 2.330000000000000071e+00
2.000000000000000000e+00 8.850000000000000000e+01 7.320000000000000000e+02 2.089999999999999858e+00
2.000000000000000000e+00 8.300000000000000000e+01 7.320000000000000000e+02 2.229999999999999982e+00
2.000000000000000000e+00 8.850000000000000000e+01 7.320000000000000000e+02 2.109999999999999876e+00
2.000000000000000000e+00 7.800000000000000000e+01 7.320000000000000000e+02 2.399999999999999911e+00
2.000000000000000000e+00 8.650000000000000000e+01 7.320000000000000000e+02 2.089999999999999858e+00
2.000000000000000000e+00 8.300000000000000000e+01 7.320000000000000000e+02 2.049999999999999822e+00
2.000000000000000000e+00 8.650000000000000000e+01 7.320000000000000000e+02 2.180000000000000160e+00
2.000000000000000000e+00 7.800000000000000000e+01 7.320000000000000000e+02 2.169999999999999929e+00
2.000000000000000000e+00 8.650000000000000000e+01 7.320000000000000000e+02 2.229999999999999982e+00
2.000000000000000000e+00 8.850000000000000000e+01 7.320000000000000000e+02 2.200000000000000178e+00
2.000000000000000000e+00 8.300000000000000000e+01 7.320000000000000000e+02 2.200000000000000178e+00
2.000000000000000000e+00 8.300000000000000000e+01 7.320000000000000000e+02 2.089999999999999858e+00
2.000000000000000000e+00 7.800000000000000000e+01 7.320000000000000000e+02 2.359999999999999876e+00
2.000000000000000000e+00 8.850000000000000000e+01 7.320000000000000000e+02 2.169999999999999929e+00
2.000000000000000000e+00 8.050000000000000000e+01 7.320000000000000000e+02 2.259999999999999787e+00
2.000000000000000000e+00 8.650000000000000000e+01 7.320000000000000000e+02 2.169999999999999929e+00
2.000000000000000000e+00 8.650000000000000000e+01 7.320000000000000000e+02 2.379999999999999893e+00
2.000000000000000000e+00 8.850000000000000000e+01 7.320000000000000000e+02 2.180000000000000160e+00
2.000000000000000000e+00 8.050000000000000000e+01 7.320000000000000000e+02 2.370000000000000107e+00
2.000000000000000000e+00 8.650000000000000000e+01 7.320000000000000000e+02 1.989999999999999991e+00
2.000000000000000000e+00 8.300000000000000000e+01 7.320000000000000000e+02 2.129999999999999893e+00
2.000000000000000000e+00 8.850000000000000000e+01 7.320000000000000000e+02 2.160000000000000142e+00
2.000000000000000000e+00 8.050000000000000000e+01 7.320000000000000000e+02 2.330000000000000071e+00
2.000000000000000000e+00 7.800000000000000000e+01 7.320000000000000000e+02 2.310000000000000053e+00
2.000000000000000000e+00 8.050000000000000000e+01 7.320000000000000000e+02 1.949999999999999956e+00
2.000000000000000000e+00 8.650000000000000000e+01 7.320000000000000000e+02 2.049999999999999822e+00
2.000000000000000000e+00 7.650000000000000000e+01 7.320000000000000000e+02 2.379999999999999893e+00
2.000000000000000000e+00 8.650000000000000000e+01 7.320000000000000000e+02 2.189999999999999947e+00
2.000000000000000000e+00 8.300000000000000000e+01 7.320000000000000000e+02 2.240000000000000213e+00
2.000000000000000000e+00 8.300000000000000000e+01 7.320000000000000000e+02 2.379999999999999893e+00
2.000000000000000000e+00 8.300000000000000000e+01 7.320000000000000000e+02 2.120000000000000107e+00
2.000000000000000000e+00 8.050000000000000000e+01 7.320000000000000000e+02 2.310000000000000053e+00
2.000000000000000000e+00 8.650000000000000000e+01 7.320000000000000000e+02 2.100000000000000089e+00
2.000000000000000000e+00 8.850000000000000000e+01 7.320000000000000000e+02 2.100000000000000089e+00
2.000000000000000000e+00 7.800000000000000000e+01 7.320000000000000000e+02 2.250000000000000000e+00
2.000000000000000000e+00 8.650000000000000000e+01 7.320000000000000000e+02 2.129999999999999893e+00
2.000000000000000000e+00 8.650000000000000000e+01 7.320000000000000000e+02 2.240000000000000213e+00
2.000000000000000000e+00 8.300000000000000000e+01 7.320000000000000000e+02 2.109999999999999876e+00
2.000000000000000000e+00 7.800000000000000000e+01 7.320000000000000000e+02 2.100000000000000089e+00
2.000000000000000000e+00 8.050000000000000000e+01 7.320000000000000000e+02 2.180000000000000160e+00
2.000000000000000000e+00 8.300000000000000000e+01 7.320000000000000000e+02 2.310000000000000053e+00
2.000000000000000000e+00 8.050000000000000000e+01 7.320000000000000000e+02 2.209999999999999964e+00
2.000000000000000000e+00 7.800000000000000000e+01 7.320000000000000000e+02 2.180000000000000160e+00
2.000000000000000000e+00 8.850000000000000000e+01 7.320000000000000000e+02 2.069999999999999840e+00
2.000000000000000000e+00 7.800000000000000000e+01 7.320000000000000000e+02 2.140000000000000124e+00
2.000000000000000000e+00 8.850000000000000000e+01 7.320000000000000000e+02 2.209999999999999964e+00
2.000000000000000000e+00 8.300000000000000000e+01 7.320000000000000000e+02 2.080000000000000071e+00
2.000000000000000000e+00 8.050000000000000000e+01 7.320000000000000000e+02 2.270000000000000018e+00
2.000000000000000000e+00 8.300000000000000000e+01 7.320000000000000000e+02 2.259999999999999787e+00
2.000000000000000000e+00 8.050000000000000000e+01 7.320000000000000000e+02 2.140000000000000124e+00
2.000000000000000000e+00 8.300000000000000000e+01 7.320000000000000000e+02 2.359999999999999876e+00
2.000000000000000000e+00 7.800000000000000000e+01 7.320000000000000000e+02 2.209999999999999964e+00
2.000000000000000000e+00 8.850000000000000000e+01 7.320000000000000000e+02 2.060000000000000053e+00
