9.375139073032068282e-02 9.912106767361307247e-01
1.026567736076177129e-01 9.894615868324743158e-01
9.959214453568920877e-02 9.900814047467824119e-01
1.000000000000000000e+00 0.000000000000000000e+00
9.848236300372288365e-01 3.012241772029544684e-02
0.000000000000000000e+00 1.000000000000000000e+00
1.138028119719921571e-01 9.870489199872674035e-01
8.989236287711978024e-01 1.919363096368217336e-01
3.113549492447063582e-01 9.030580955808262811e-01
3.048773040763171904e-01 9.070498294591567978e-01
9.517781697250961015e-01 9.411831563474615248e-02
9.037099738191528564e-01 1.833082832197860945e-01
8.945943502889578403e-01 1.997009484310774408e-01
8.963617069699124640e-01 1.965356902779847870e-01
3.077503859982246848e-01 9.052896999179437243e-01
2.752376295866310607e-01 9.242442472595324698e-01
7.926197500686004149e-01 3.717539318011894300e-01
8.994628462447562534e-01 1.909665882252820079e-01
9.091833643125493136e-01 1.733856100573142323e-01
2.977337620114108296e-01 9.113546069585325426e-01
4.279196291650235739e-01 8.168847909752686709e-01
3.622425284833619696e-01 8.687803505579807517e-01
8.019875951301814743e-01 3.568158972573081122e-01
7.066934977539542917e-01 5.005843002322818425e-01
4.458009594516381124e-01 8.012615045519988488e-01
7.749222442441864311e-01 3.994955153755535004e-01
8.063363526412619109e-01 3.498216864091865386e-01
6.089589171779914434e-01 6.291690371894080869e-01
7.002551782645914935e-01 5.096426853136251101e-01
8.171960743013397810e-01 3.321905761464791773e-01
3.147516651700904000e-01 9.009313892726552586e-01
5.737891258581513387e-01 6.707660390469385447e-01
7.041988488330133134e-01 5.041039813022588634e-01
7.385344945103932135e-01 4.545668004182780164e-01
7.818853551557594095e-01 3.886552913929519626e-01
5.422592415152340806e-01 7.059549149913230126e-01
3.982500021773371923e-01 8.413969357657509196e-01
6.040263076516919627e-01 6.351522196646635088e-01
7.025395794207764943e-01 5.064381393472785486e-01
3.653771925156662492e-01 8.664995071893697443e-01
7.252788257438416153e-01 4.739706249276341987e-01
8.376734059542882971e-01 2.983032649569421491e-01
4.160832881331668065e-01 8.268746973362921526e-01
4.683175610783442688e-01 7.806786619856312948e-01
4.604918999867302909e-01 7.879472100466111684e-01
5.809682497440056270e-01 6.624758927893867888e-01
6.590705999946298022e-01 5.656259442227187240e-01
7.492398666276879338e-01 4.386396222557243929e-01
7.834496586219787950e-01 3.862066324051048882e-01
5.108792610602362894e-01 7.390023806185469502e-01
4.394208616186361382e-01 8.069093063743354444e-01
3.548885413076775519e-01 8.740541232485088408e-01
4.784697142036556383e-01 7.710667325898721280e-01
3.292172875943032428e-01 8.916409591756661035e-01
6.325944757706787325e-01 6.002680189886945294e-01
8.990462255750268916e-01 1.919328563329447679e-01
6.480956341710879531e-01 5.801488673930330631e-01
7.628628221394855302e-01 4.180936696221734250e-01
7.125854527380732772e-01 4.946451827815084856e-01
7.967255177079063388e-01 3.652925187209769553e-01
9.418304857170582967e-01 1.160309661519857843e-01
8.882967062670221736e-01 2.110670648390158000e-01
8.230506076865824472e-01 3.226925671308265575e-01
8.801596142243310883e-01 2.255002412924873023e-01
6.199694566790201478e-01 6.158222589591196838e-01
4.882227257005083976e-01 7.642047911155510631e-01
5.268167506006359302e-01 7.225203396825556901e-01
3.495345997415374995e-02 9.988805261971095417e-01
3.138860646604814675e-01 9.015644326961140820e-01
6.769224971119651713e-01 5.418622835017863348e-01
9.912347725322404601e-01 1.754576939314647643e-02
3.047675680708942236e-01 9.071881738276658114e-01
2.339634314033840756e-01 9.454430070165966704e-01
8.650004669202081553e-01 2.518925826412405367e-01
6.661499685889695765e-01 5.563009756765663338e-01
1.640500624449408307e-01 9.731319779637688239e-01
5.016532135494554678e-01 7.484751254983650348e-01
1.833669822099795454e-01 9.664274616591449485e-01
6.112816725046312794e-01 6.264766172236240216e-01
2.429109795213240108e-01 9.410408934717164886e-01
8.502164323930850864e-01 2.775184354299504164e-01
9.825049639458592887e-01 3.485231461366802841e-02
1.760696093539682039e-02 9.997413516457115401e-01
8.270863869025102399e-01 3.160448630668645786e-01
5.972240227778176092e-01 6.436154508113768324e-01
1.239246820069946353e-01 9.846906078152027897e-01
5.542540621531990563e-01 6.956459694196003296e-01
8.165387291342990350e-02 9.933712117526829477e-01
9.200195322183821744e-01 1.536670380330042718e-01
5.188463470712152414e-01 7.308762583687762326e-01
7.022124838847287887e-01 5.069671130379392876e-01
4.072820300963260198e-01 8.342033697196233888e-01
1.036065770404985958e-01 9.893069699324149591e-01
4.638296845495004095e-01 7.857881917801250449e-01
5.832680025808060220e-01 6.599814744920201592e-01
9.154868758224999903e-01 1.620281815487603638e-01
2.163853897514744495e-01 9.532252134092660256e-01
6.938509972881291565e-01 5.186550527887719975e-01
4.128632805918473481e-01 8.296080429020419311e-01
9.765204125147091130e-01 4.793060473453130549e-02
