9.375139073032068282e-02 9.912106767361307247e-01
1.026567736076177129e-01 9.894615868324743158e-01
9.959214453568920877e-02 9.900814047467824119e-01
1.000000000000000000e+00 0.000000000000000000e+00
9.848236300372288365e-01 3.012241772029544684e-02
9.650055305253595339e-01 6.876432605546933807e-02
0.000000000000000000e+00 1.000000000000000000e+00
1.185216521128372724e-01 9.859526179804435353e-01
1.138028119719921571e-01 9.870489199872674035e-01
1.346822814565439286e-01 9.818606830616602998e-01
3.269818426813231316e-02 9.989308287455672675e-01
1.103755099981508225e-01 9.878172467926481515e-01
4.171690272719941195e-02 9.982597000268493836e-01
9.800985952740313145e-01 3.940674354187057027e-02
8.975042277572676808e-01 1.944861611578305727e-01
8.989236287711978024e-01 1.919363096368217336e-01
3.113549492447063582e-01 9.030580955808262811e-01
2.973722562290347926e-01 9.115697412252532494e-01
3.048773040763171904e-01 9.070498294591567978e-01
2.711956677429662732e-01 9.264529097974466554e-01
9.517781697250961015e-01 9.411831563474615248e-02
9.217814331981288856e-01 1.503189894112034741e-01
9.037099738191528564e-01 1.833082832197860945e-01
9.017705877981561091e-01 1.868098069821679807e-01
8.945943502889578403e-01 1.997009484310774408e-01
8.963617069699124640e-01 1.965356902779847870e-01
3.077503859982246848e-01 9.052896999179437243e-01
2.752376295866310607e-01 9.242442472595324698e-01
2.616295829920557980e-01 9.315499613034029514e-01
7.926197500686004149e-01 3.717539318011894300e-01
8.994628462447562534e-01 1.909665882252820079e-01
8.657572172575294100e-01 2.504644407664989858e-01
8.591833643125492692e-01 2.618039464885691947e-01
9.157572172575294545e-01 1.613887190407460315e-01
9.091833643125493136e-01 1.733856100573142323e-01
8.793650532024073208e-01 2.267171032063273195e-01
2.977337620114108296e-01 9.113546069585325426e-01
8.563363526412619553e-01 2.666880511450602231e-01
3.122425284833619807e-01 9.025046034063168854e-01
8.045765818772103728e-01 3.526565238947846348e-01
8.045577770300756937e-01 3.526867834204230334e-01
4.279196291650235739e-01 8.168847909752686709e-01
3.622425284833619696e-01 8.687803505579807517e-01
3.863970550023457240e-01 8.506973158855142270e-01
8.019875951301814743e-01 3.568158972573081122e-01
3.779196291650235850e-01 8.571767538917710594e-01
7.066934977539542917e-01 5.005843002322818425e-01
4.458009594516381124e-01 8.012615045519988488e-01
7.749222442441864311e-01 3.994955153755535004e-01
8.063363526412619109e-01 3.498216864091865386e-01
7.501087610790535543e-01 4.373368465524473114e-01
6.089589171779914434e-01 6.291690371894080869e-01
4.137621613468797088e-01 8.288008738375587381e-01
7.002551782645914935e-01 5.096426853136251101e-01
8.171960743013397810e-01 3.321905761464791773e-01
3.147516651700904000e-01 9.009313892726552586e-01
6.533438151245480885e-01 5.731418592385002508e-01
6.495844761838156511e-01 5.780400083009977763e-01
5.737891258581513387e-01 6.707660390469385447e-01
7.041988488330133134e-01 5.041039813022588634e-01
7.385344945103932135e-01 4.545668004182780164e-01
4.762423459535762293e-01 7.731932279206341629e-01
6.052791381471923637e-01 6.336371649237919623e-01
7.818853551557594095e-01 3.886552913929519626e-01
5.693954078818620479e-01 6.757888694830479492e-01
5.422592415152340806e-01 7.059549149913230126e-01
5.715375167204052032e-01 6.733448669810725429e-01
6.017956331281785198e-01 6.378420159478548346e-01
3.982500021773371923e-01 8.413969357657509196e-01
6.040263076516919627e-01 6.351522196646635088e-01
7.064477208822484977e-01 5.009316176602767179e-01
7.025395794207764943e-01 5.064381393472785486e-01
3.653771925156662492e-01 8.664995071893697443e-01
7.252788257438416153e-01 4.739706249276341987e-01
6.338184416657659526e-01 5.982741830043800668e-01
8.376734059542882971e-01 2.983032649569421491e-01
4.160832881331668065e-01 8.268746973362921526e-01
4.683175610783442688e-01 7.806786619856312948e-01
4.604918999867302909e-01 7.879472100466111684e-01
5.809682497440056270e-01 6.624758927893867888e-01
6.590705999946298022e-01 5.656259442227187240e-01
4.371164643773829406e-01 8.089291965702161136e-01
7.492398666276879338e-01 4.386396222557243929e-01
7.834496586219787950e-01 3.862066324051048882e-01
6.005690745332239455e-01 6.393167867143069172e-01
6.860082465287553610e-01 5.293926856945423420e-01
5.108792610602362894e-01 7.390023806185469502e-01
4.913609342235474853e-01 7.585644323189626448e-01
4.394208616186361382e-01 8.069093063743354444e-01
5.036425146990587409e-01 7.463442173876084773e-01
7.753357862114965693e-01 3.988544186198005326e-01
7.153670302318031471e-01 4.882500120573304292e-01
3.548885413076775519e-01 8.740541232485088408e-01
4.784697142036556383e-01 7.710667325898721280e-01
5.130814887457603168e-01 7.367473859064341823e-01
5.433511865706872612e-01 7.047694880522261673e-01
5.420553983996577729e-01 7.061759450657882908e-01
6.775959460297615866e-01 5.408637339240324193e-01
6.314662944320843518e-01 6.012503189962121741e-01
5.957659976291507231e-01 6.450628760689427477e-01
