2.360395760682458716e-12 1.000052861243009072e+00
9.999722492334257584e-01 1.628400663801329504e-04
3.292172875943032428e-01 8.916409591756661035e-01
6.325944757706787325e-01 6.002680189886945294e-01
8.990462255750268916e-01 1.919328563329447679e-01
6.480956341710879531e-01 5.801488673930330631e-01
3.618486865745408898e-01 8.690943922858831439e-01
9.538688413736692295e-01 9.164408781872576681e-02
7.816085189004213785e-01 3.891649556903705731e-01
7.628628221394855302e-01 4.180936696221734250e-01
7.125854527380732772e-01 4.946451827815084856e-01
7.967255177079063388e-01 3.652925187209769553e-01
5.404591940476284329e-01 7.091830412893498359e-01
9.418304857170582967e-01 1.160309661519857843e-01
3.895568217476800266e-01 8.483314093770162323e-01
8.078632246348416146e-01 3.474916932693589700e-01
8.882967062670221736e-01 2.110670648390158000e-01
8.230506076865824472e-01 3.226925671308265575e-01
7.254490549561869450e-01 4.737951184719655373e-01
7.744971149337857019e-01 4.002630324021577701e-01
8.801596142243310883e-01 2.255002412924873023e-01
9.102901301701281644e-01 1.717278184488555959e-01
4.771722741510976973e-01 7.794137282774109554e-01
6.199694566790201478e-01 6.158222589591196838e-01
4.882227257005083976e-01 7.642047911155510631e-01
5.268167506006359302e-01 7.225203396825556901e-01
2.914075168392421533e-01 9.162421674704013252e-01
3.682596334265403892e-01 8.644200537897704928e-01
8.714623476998412110e-01 2.406321650107500487e-01
8.583481689297367545e-01 2.633658526036663505e-01
3.495345997415374995e-02 9.988805261971095417e-01
9.610765447529927563e-01 7.791559451084424659e-02
3.138860646604814675e-01 9.015644326961140820e-01
7.415257994381825313e-01 4.519882266942086835e-01
6.769224971119651713e-01 5.418622835017863348e-01
9.912347725322404601e-01 1.754576939314647643e-02
2.016787947311793339e-01 9.597170795850152869e-01
5.674195657029258433e-01 6.781232445528052599e-01
3.047675680708942236e-01 9.071881738276658114e-01
2.339634314033840756e-01 9.454430070165966704e-01
8.650004669202081553e-01 2.518925826412405367e-01
2.774249874251717984e-01 9.231164827737060596e-01
6.661499685889695765e-01 5.563009756765663338e-01
5.126853353743179298e-01 7.372531304351174208e-01
1.640500624449408307e-01 9.731319779637688239e-01
5.520810547848160887e-02 9.969991242117092201e-01
5.744922610603441226e-01 6.713168828224724827e-01
5.016532135494554678e-01 7.484751254983650348e-01
4.194984783376473070e-01 8.240798519123903043e-01
1.833669822099795454e-01 9.664274616591449485e-01
6.112816725046312794e-01 6.264766172236240216e-01
4.311231494193868419e-01 8.142271079351258711e-01
8.462573029594426810e-01 2.839808404724953883e-01
2.429109795213240108e-01 9.410408934717164886e-01
8.502164323930850864e-01 2.775184354299504164e-01
9.825049639458592887e-01 3.485231461366802841e-02
1.760696093539682039e-02 9.997413516457115401e-01
2.679582610392253206e-01 9.282644579922663119e-01
8.270863869025102399e-01 3.160448630668645786e-01
3.989959981314393778e-01 8.417048803198065032e-01
5.972240227778176092e-01 6.436154508113768324e-01
1.239246820069946353e-01 9.846906078152027897e-01
5.542540621531990563e-01 6.956459694196003296e-01
7.519888663012984642e-01 4.345804909033393892e-01
4.542175955964838918e-01 7.937661657089313261e-01
8.165387291342990350e-02 9.933712117526829477e-01
9.292903394037319575e-01 1.365267087115117073e-01
9.200195322183821744e-01 1.536670380330042718e-01
8.379315275685494946e-01 2.981548167208272759e-01
6.828251615440501521e-01 5.338831516875263139e-01
4.958483829645745078e-01 7.542420762412682667e-01
8.027961449662102122e-01 3.557517600447164807e-01
5.188463470712152414e-01 7.308762583687762326e-01
8.351663939480231669e-01 3.026225572466130220e-01
7.022124838847287887e-01 5.069671130379392876e-01
1.577578896183970958e-01 9.752244387287479777e-01
7.507557292940889582e-01 4.365559090645740326e-01
9.674266550261378939e-01 6.500715400823504908e-02
5.556726307730253112e-01 6.913039180165978514e-01
6.591772741556359838e-01 5.655433958685723850e-01
9.869277667815585797e-01 2.610543494249011054e-02
4.072820300963260198e-01 8.342033697196233888e-01
1.036065770404985958e-01 9.893069699324149591e-01
5.933622171741916862e-01 6.528646178010790724e-01
2.177117249311301128e-01 9.526463957955575435e-01
9.318774365715812302e-02 9.914377283496021986e-01
1.887574681501640872e-01 9.644068560931446932e-01
4.638296845495004095e-01 7.857881917801250449e-01
9.703621856113635591e-01 5.987910792494490625e-02
5.832680025808060220e-01 6.599814744920201592e-01
9.154868758224999903e-01 1.620281815487603638e-01
2.163853897514744495e-01 9.532252134092660256e-01
6.938509972881291565e-01 5.186550527887719975e-01
4.128632805918473481e-01 8.296080429020419311e-01
1.422508540636214514e-01 9.798195994582248325e-01
4.373242608401727849e-01 8.088186892238183878e-01
9.348982922340643986e-01 1.263029737216307402e-01
1.289679424796100204e-01 9.834456542873832863e-01
7.357413001045722822e-01 4.615109581708824460e-01
9.765204125147091130e-01 4.793060473453130549e-02
