9.805256271010345248e-01 3.872320743246608632e-02
1.515927123002180910e-01 9.774035113246291040e-01
1.000000000000000000e+00 0.000000000000000000e+00
4.365544612330544694e-01 8.094996787930446303e-01
0.000000000000000000e+00 1.000000000000000000e+00
7.359759982008317047e-01 4.590082557161799248e-01
6.805396904204197295e-01 5.383876697333219719e-01
5.088180214984387995e-01 7.412622054525193072e-01
9.103045569993577502e-01 1.725702908058553975e-01
9.949210765995910588e-01 1.082444219993831946e-02
3.507503402179684010e-02 9.988460730187614933e-01
8.470375122910284160e-01 2.836745692672494878e-01
2.491599077118452077e-01 9.387128297813556177e-01
5.874099412380623386e-01 6.553957857473206028e-01
8.149999999999999467e-01 3.369582821430895381e-01
2.833812447513909816e-01 9.201049798635934085e-01
7.740193588124030244e-01 4.013617618811111676e-01
1.659591125161534175e-01 9.731658980739336107e-01
6.637748854884627514e-01 5.598276554034012920e-01
1.953871134193492787e-01 9.626841137979066376e-01
2.227405719334363265e-01 9.505233209538056505e-01
8.631019082486575122e-01 2.564136810525332044e-01
7.210318575480667569e-01 4.812184703434063127e-01
6.055534476726049942e-01 6.335835508336841171e-01
4.475735226195699523e-01 8.003204141409047123e-01
9.419478889547693301e-01 1.127568346884263162e-01
8.862627540407800319e-01 2.159584387198114630e-01
6.967779755784464513e-01 5.158286563532157309e-01
7.129038325636631868e-01 4.925249639006493152e-01
6.884835332635129701e-01 5.265465313429796845e-01
4.051158502021558472e-01 8.364493350358721546e-01
8.071252627937540725e-01 3.502463082901788316e-01
9.877851461694825419e-01 2.433181324561922709e-02
5.392553891429274771e-01 7.096433749712631744e-01
7.433587244852570830e-01 4.475759595867653817e-01
3.212006427168587752e-01 8.968687271897611835e-01
3.935606535810326490e-01 8.453629476845864188e-01
3.699690566057075025e-01 8.632826475962942503e-01
1.228436452209454299e-01 9.860970410016183241e-01
8.548125452719990136e-01 2.695067942159885543e-01
6.309111169603172087e-01 6.020869157556534290e-01
5.969316678449528846e-01 6.450381099743703883e-01
6.389926321099013151e-01 5.923451288597634257e-01
7.581660915787660215e-01 4.257413325490305711e-01
7.905781080614828760e-01 3.758557531889106795e-01
7.224140015189400854e-02 9.949061513909910337e-01
5.490164663699055314e-01 6.989634986560063767e-01
5.783661686892913600e-01 6.658010140584663672e-01
6.229525247284286582e-01 6.123779538731540795e-01
6.473509309104140685e-01 5.827913480402479030e-01
3.587487011820821303e-01 8.721710039508654422e-01
2.362664028138941608e-01 9.444253115728010739e-01
1.805467173246953216e-01 9.676196205510811943e-01
1.664871210303375815e-02 9.997785922947457493e-01
4.694226321571932647e-01 7.802691702347823721e-01
9.183500980264281965e-01 1.567626070350255640e-01
2.101477531042620917e-01 9.565045171110739819e-01
4.270000316525919826e-01 8.186399476028438649e-01
2.957815372497891726e-01 9.126056342183049841e-01
7.819082338210887606e-01 3.896728709324299711e-01
2.607274882659389448e-01 9.320948447776385981e-01
4.987773922322782383e-01 7.512838681184996759e-01
7.990649900600166333e-01 3.634952906018349972e-01
4.890078956770477769e-01 7.611421294767466428e-01
9.266083573176614463e-01 1.427671466952724622e-01
4.584415734128981512e-01 7.900572157374080584e-01
7.050118362775774639e-01 5.039859931423351647e-01
6.549824533352031075e-01 5.715968301032968713e-01
9.653685691337026142e-01 6.909402115153558122e-02
4.793965466805102382e-01 7.707984766856117442e-01
8.783131069100640342e-01 2.305174100248784663e-01
6.722923826263920155e-01 5.492788574468729923e-01
8.229247529894665458e-01 3.234062769457041187e-01
5.688619454599728176e-01 6.770938151128598204e-01
9.023369032584619420e-01 1.870588410269949931e-01
5.191774788880170188e-01 7.308177960979540533e-01
7.284112124272661415e-01 4.694579072585134405e-01
8.389524542665003359e-01 2.963168767748917687e-01
7.511071236124859940e-01 4.367957374495211598e-01
8.704287533711811964e-01 2.432291438364917457e-01
3.818986645012957259e-01 8.542254693601298854e-01
9.499999999999999556e-01 9.765784426212223424e-02
6.138975262799909460e-01 6.232338567901600790e-01
1.366591957409286628e-01 9.815605953192274580e-01
3.335163604926105752e-01 8.890063306558660949e-01
8.308066684399744162e-01 3.099568956930911501e-01
5.430734138200271621e-02 9.974751310682355987e-01
8.940245268580762072e-01 2.011367132427697157e-01
2.728108066666161680e-01 9.262524748259297613e-01
9.336461758545999690e-01 1.284112330190047835e-01
1.007347614102544475e-01 9.898648157203068232e-01
9.572315915924343166e-01 8.377263639879871382e-02
3.462655614372254220e-01 8.803052551425981642e-01
3.080090586584535162e-01 9.052591568396238797e-01
9.731134346820116132e-01 5.340323749504054252e-02
4.161143604388443107e-01 8.279954512810534517e-01
5.297464392261352906e-01 7.201962407506909969e-01
7.660254571538380741e-01 4.133698851373087679e-01
9.023833917833233575e-02 9.919485021372784761e-01
5.591541262005951252e-01 6.879491986986584484e-01
