2.000010000000000066e+00 8.890000000000004832e+01 7.320000099999999748e+02 2.000010000000000066e+00
2.000010000000000066e+00 8.300000000000001421e+01 7.320000099999999748e+02 1.800000000000000044e+00
2.000010000000000066e+00 8.850000000000001421e+01 7.320000099999999748e+02 2.080000000000000071e+00
2.000010000000000066e+00 7.860000000000000853e+01 7.320000099999999748e+02 1.830000000000000071e+00
2.000000000000000000e+00 8.850000000000000000e+01 7.320000000000000000e+02 2.169999999999999929e+00
2.000000000000000000e+00 7.800000000000000000e+01 7.320000000000000000e+02 2.459999999999999964e+00
2.000000000000000000e+00 8.850000000000002842e+01 7.320000099999999748e+02 1.879999999999999893e+00
2.000000000000000000e+00 8.670000000000003126e+01 7.320000099999999748e+02 2.479999999999999982e+00
2.000000000000000000e+00 8.850000000000001421e+01 7.320000099999999748e+02 2.080000000000000071e+00
2.000000000000000000e+00 8.790000000000003411e+01 7.320000099999999748e+02 2.600010000000000154e+00
2.000010000000000066e+00 8.830000000000005400e+01 7.320000099999999748e+02 2.000010000000000066e+00
2.000010000000000066e+00 8.650000000000008527e+01 7.246000000000001364e+02 1.919999999999999929e+00
2.000010000000000066e+00 8.360000000000009379e+01 7.320000099999999748e+02 2.600010000000000154e+00
2.000010000000000066e+00 8.710000000000002274e+01 7.320000099999999748e+02 2.600010000000000154e+00
2.000010000000000066e+00 8.910000000000003695e+01 7.320000099999999748e+02 1.800000000000000044e+00
2.000000000000000000e+00 8.980001000000001454e+01 7.320000099999999748e+02 1.929999999999999716e+00
2.000000000000000000e+00 8.910000000000007958e+01 7.320000099999999748e+02 1.929999999999999716e+00
2.000000000000000000e+00 8.300000000000001421e+01 7.320000099999999748e+02 1.800000000000000044e+00
2.000000000000000000e+00 8.830000000000005400e+01 7.320000099999999748e+02 2.000010000000000066e+00
2.000000000000000000e+00 8.650000000000008527e+01 7.246000000000001364e+02 1.919999999999999929e+00
2.000000000000000000e+00 8.970000000000008811e+01 7.320000099999999748e+02 1.929999999999999716e+00
2.000000000000000000e+00 8.730000000000003979e+01 7.320000099999999748e+02 1.879999999999999893e+00
2.000010000000000066e+00 8.170000000000007390e+01 7.320000099999999748e+02 2.600010000000000154e+00
2.000010000000000066e+00 8.850000000000002842e+01 7.320000099999999748e+02 2.479999999999999982e+00
2.000010000000000066e+00 7.860000000000002274e+01 7.320000099999999748e+02 2.600010000000000154e+00
2.000010000000000066e+00 8.790000000000003411e+01 7.320000099999999748e+02 2.600010000000000154e+00
2.000010000000000066e+00 8.240000000000001990e+01 7.320000099999999748e+02 1.800000000000000044e+00
2.000010000000000066e+00 8.650000000000001421e+01 7.320000099999999748e+02 1.899999999999999911e+00
2.000010000000000066e+00 8.710000000000005116e+01 7.320000099999999748e+02 2.600010000000000154e+00
2.000010000000000066e+00 8.730000000000003979e+01 7.320000099999999748e+02 2.479999999999999982e+00
2.000010000000000066e+00 8.300000000000008527e+01 7.320000099999999748e+02 1.800000000000000044e+00
2.000010000000000066e+00 8.850000000000001421e+01 7.320000099999999748e+02 2.169999999999999929e+00
2.000010000000000066e+00 8.590000000000001990e+01 7.320000099999999748e+02 2.339999999999999858e+00
2.000010000000000066e+00 8.850000000000004263e+01 7.320000099999999748e+02 1.800000000000000044e+00
2.000010000000000066e+00 8.590000000000000568e+01 7.320000000000000000e+02 2.140000000000000124e+00
2.000010000000000066e+00 7.990000000000000568e+01 7.320000000000000000e+02 2.399999999999999911e+00
2.000010000000000066e+00 8.890000000000006253e+01 7.320000099999999748e+02 2.000010000000000066e+00
2.000010000000000066e+00 8.410000000000010800e+01 7.320000099999999748e+02 2.600010000000000154e+00
2.000010000000000066e+00 9.030000000000009663e+01 7.320000099999999748e+02 1.929999999999999716e+00
2.000010000000000066e+00 8.420000000000001705e+01 7.320000099999999748e+02 2.310000000000000053e+00
2.000010000000000066e+00 8.970000000000003126e+01 7.320000099999999748e+02 2.000010000000000066e+00
2.000010000000000066e+00 8.850000000000001421e+01 7.320000099999999748e+02 2.259999999999999787e+00
2.000010000000000066e+00 8.910000000000000853e+01 7.320000099999999748e+02 2.270000000000000018e+00
2.000010000000000066e+00 7.860000000000000853e+01 7.320000099999999748e+02 2.359999999999999876e+00
2.000010000000000066e+00 7.860000000000000853e+01 7.320000099999999748e+02 1.859999999999999876e+00
2.000010000000000066e+00 8.850000000000004263e+01 7.320000099999999748e+02 2.000010000000000066e+00
2.000010000000000066e+00 8.970000000000001705e+01 7.320000099999999748e+02 1.800000000000000044e+00
2.000010000000000066e+00 7.860000000000002274e+01 7.320000099999999748e+02 1.830000000000000071e+00
2.000010000000000066e+00 8.950000000000005684e+01 7.320000099999999748e+02 2.600010000000000154e+00
2.000010000000000066e+00 8.910000000000003695e+01 7.320000099999999748e+02 2.600010000000000154e+00
2.000010000000000066e+00 7.920000000000001705e+01 7.320000099999999748e+02 2.600010000000000154e+00
2.000010000000000066e+00 8.790000000000004832e+01 7.320000099999999748e+02 2.600010000000000154e+00
2.000010000000000066e+00 7.980000000000002558e+01 7.320000099999999748e+02 2.600010000000000154e+00
2.000000000000000000e+00 8.650000000000000000e+01 7.320000000000000000e+02 2.240000000000000213e+00
2.000000000000000000e+00 8.050000000000000000e+01 7.320000000000000000e+02 2.169999999999999929e+00
2.000000000000000000e+00 8.850000000000000000e+01 7.320000000000000000e+02 2.000000000000000000e+00
2.000000000000000000e+00 8.650000000000000000e+01 7.320000000000000000e+02 2.339999999999999858e+00
2.000000000000000000e+00 8.850000000000000000e+01 7.320000000000000000e+02 2.040000000000000036e+00
2.000000000000000000e+00 7.800000000000000000e+01 7.320000000000000000e+02 2.240000000000000213e+00
2.000000000000000000e+00 8.650000000000000000e+01 7.310000000000000000e+02 2.049999999999999822e+00
2.000000000000000000e+00 8.050000000000000000e+01 7.320000000000000000e+02 2.299999999999999822e+00
2.000000000000000000e+00 8.050000000000000000e+01 7.320000000000000000e+02 2.350000000000000089e+00
2.000000000000000000e+00 8.650000000000000000e+01 7.320000000000000000e+02 2.060000000000000053e+00
2.000000000000000000e+00 8.850000000000000000e+01 7.320000000000000000e+02 2.259999999999999787e+00
2.000000000000000000e+00 7.800000000000000000e+01 7.320000000000000000e+02 2.279999999999999805e+00
2.000000000000000000e+00 8.650000000000000000e+01 7.320000000000000000e+02 2.080000000000000071e+00
2.000000000000000000e+00 8.850000000000000000e+01 7.320000000000000000e+02 2.359999999999999876e+00
2.000000000000000000e+00 8.850000000000000000e+01 7.320000000000000000e+02 2.229999999999999982e+00
2.000000000000000000e+00 7.800000000000000000e+01 7.320000000000000000e+02 2.310000000000000053e+00
2.000000000000000000e+00 8.850000000000000000e+01 7.320000000000000000e+02 2.069999999999999840e+00
2.000000000000000000e+00 7.800000000000000000e+01 7.320000000000000000e+02 2.319999999999999840e+00
2.000000000000000000e+00 8.850000000000000000e+01 7.320000000000000000e+02 2.240000000000000213e+00
2.000000000000000000e+00 8.050000000000000000e+01 7.320000000000000000e+02 2.240000000000000213e+00
2.000000000000000000e+00 8.050000000000000000e+01 7.320000000000000000e+02 2.279999999999999805e+00
2.000000000000000000e+00 8.300000000000000000e+01 7.320000000000000000e+02 2.229999999999999982e+00
2.000000000000000000e+00 7.800000000000000000e+01 7.320000000000000000e+02 2.379999999999999893e+00
2.000000000000000000e+00 8.050000000000000000e+01 7.320000000000000000e+02 2.250000000000000000e+00
2.000000000000000000e+00 8.850000000000000000e+01 7.320000000000000000e+02 2.049999999999999822e+00
2.000000000000000000e+00 8.650000000000000000e+01 7.320000000000000000e+02 2.140000000000000124e+00
2.000000000000000000e+00 8.850000000000000000e+01 7.320000000000000000e+02 2.149999999999999911e+00
2.000000000000000000e+00 8.650000000000000000e+01 7.320000000000000000e+02 2.160000000000000142e+00
2.000000000000000000e+00 8.850000000000000000e+01 7.320000000000000000e+02 2.189999999999999947e+00
2.000000000000000000e+00 7.800000000000000000e+01 7.320000000000000000e+02 2.399999999999999911e+00
2.000000000000000000e+00 7.800000000000000000e+01 7.320000000000000000e+02 2.100000000000000089e+00
2.000000000000000000e+00 7.800000000000000000e+01 7.320000000000000000e+02 2.140000000000000124e+00
2.000000000000000000e+00 8.300000000000000000e+01 7.320000000000000000e+02 2.209999999999999964e+00
2.000000000000000000e+00 8.650000000000000000e+01 7.320000000000000000e+02 2.089999999999999858e+00
2.000000000000000000e+00 8.300000000000000000e+01 7.320000000000000000e+02 2.120000000000000107e+00
2.000000000000000000e+00 8.650000000000000000e+01 7.320000000000000000e+02 2.200000000000000178e+00
2.000000000000000000e+00 8.300000000000000000e+01 7.320000000000000000e+02 2.259999999999999787e+00
2.000000000000000000e+00 7.800000000000000000e+01 7.320000000000000000e+02 2.259999999999999787e+00
2.000000000000000000e+00 8.300000000000000000e+01 7.320000000000000000e+02 2.069999999999999840e+00
2.000000000000000000e+00 8.300000000000000000e+01 7.320000000000000000e+02 2.180000000000000160e+00
2.000000000000000000e+00 8.650000000000000000e+01 7.320000000000000000e+02 2.310000000000000053e+00
2.000000000000000000e+00 8.650000000000000000e+01 7.320000000000000000e+02 2.120000000000000107e+00
2.000000000000000000e+00 8.050000000000000000e+01 7.320000000000000000e+02 2.200000000000000178e+00
2.000000000000000000e+00 8.850000000000000000e+01 7.320000000000000000e+02 2.009999999999999787e+00
2.000000000000000000e+00 8.050000000000000000e+01 7.320000000000000000e+02 2.189999999999999947e+00
2.000000000000000000e+00 8.850000000000000000e+01 7.320000000000000000e+02 2.399999999999999911e+00
2.000000000000000000e+00 8.650000000000000000e+01 7.320000000000000000e+02 2.069999999999999840e+00
