6.106404616817492359e-01 4.695401541383316157e+02 2.247691069187309973e-03
6.330009029351061356e-01 4.846405834563040003e+02 1.992988540310258131e-03
5.986114741763520763e-01 4.620860130892502866e+02 2.414013159303921626e-03
6.199265837455192329e-01 4.772570612524571629e+02 2.145618433156359483e-03
5.867841474386451539e-01 4.547033645518507683e+02 2.598754316162817709e-03
5.396936944284397297e-01 4.273512991220128470e+02 3.640731313312794461e-03
6.288428791623639214e-01 4.810257676526822479e+02 2.031480332515430559e-03
5.499841140471071199e-01 4.321560427945665310e+02 3.356660355133259631e-03
5.986134611816894546e-01 4.620869016784255336e+02 2.414009915358113038e-03
5.405105523738333861e-01 4.260947459169296963e+02 3.611731145868257980e-03
6.096712005512874288e-01 4.690389031380704523e+02 2.260759884965461361e-03
6.199088186221914931e-01 4.771254807680898011e+02 2.146066005719107338e-03
5.347837174188493359e-01 4.233074102777740677e+02 3.780819924702887545e-03
5.394504743700315741e-01 4.255777979629319816e+02 3.641928074094003508e-03
6.438175263634684509e-01 4.903351046955557990e+02 1.878752756791819125e-03
6.228700164711130638e-01 4.770468733721173180e+02 2.097445264436164671e-03
6.217098206302761332e-01 4.764421666919510585e+02 2.111375160919857271e-03
6.330030621170862348e-01 4.846415849737965118e+02 1.992985296364449543e-03
6.096732428636508772e-01 4.690398264973821369e+02 2.260756641019652773e-03
6.199109129830054910e-01 4.771264446113557369e+02 2.146062761773298751e-03
6.227044177172129658e-01 4.769605393457502487e+02 2.099422108137049756e-03
6.268012303316536915e-01 4.799578278592576908e+02 2.054945439905467817e-03
5.322245590419223404e-01 4.220665253095336880e+02 3.861201852862582943e-03
5.524498233708304840e-01 4.333723921157402970e+02 3.294990380396158828e-03
5.280078876564356927e-01 4.200285445553796535e+02 4.000694155674065604e-03
5.405088558564161705e-01 4.260940372705821915e+02 3.611734389814066568e-03
6.319245565748263793e-01 4.840757648486190305e+02 2.005138478609827610e-03
6.221603648088042116e-01 4.771885529787498399e+02 2.108312232124309130e-03
5.394504743700316851e-01 4.255777979629319816e+02 3.641928074094002207e-03
5.508065880254160440e-01 4.325615800675334413e+02 3.335823278905576499e-03
6.330009029351071348e-01 4.846405834563040003e+02 1.992988540310256396e-03
5.867822184348083780e-01 4.547025105532048883e+02 2.598757560108625863e-03
5.631269865228867300e-01 4.404411977153174007e+02 3.049115679942439837e-03
6.427634001237538808e-01 4.897787053170356444e+02 1.889290761828807570e-03
5.866170988610667214e-01 4.550571617217813696e+02 2.603256244477586585e-03
5.482436893942594924e-01 4.322908365957498518e+02 3.405873230158909960e-03
6.106404616817492359e-01 4.695401541383316726e+02 2.247691069187309539e-03
5.354541042104323800e-01 4.236329593561729894e+02 3.760270442474189685e-03
6.236949701210366959e-01 4.774772281192706487e+02 2.087631143855304787e-03
5.639146959506601275e-01 4.412310513264378073e+02 3.033309557774587027e-03
6.119298269182931183e-01 4.702073966869008927e+02 2.230537944947833841e-03
5.758711843494566107e-01 4.479070745908267668e+02 2.791326429653294069e-03
5.755876546823516238e-01 4.476270220293314992e+02 2.796446306390632658e-03
5.503905769206784981e-01 4.338605307871300738e+02 3.353294507653860508e-03
6.149620238843844788e-01 4.741403293018128693e+02 2.205820054918359186e-03
6.099945085135167755e-01 4.692060653681692202e+02 2.256383923674773646e-03
6.448695932879170423e-01 4.908907252207184229e+02 1.868355728410844158e-03
6.199265837455194550e-01 4.772570612524571629e+02 2.145618433156359049e-03
5.426166863061187007e-01 4.271236009594970255e+02 3.552966347338480744e-03
5.420908407328494105e-01 4.268665700857137608e+02 3.567460485760490154e-03
5.288281176578848441e-01 4.204243248378161866e+02 3.972843419751050098e-03
5.405088558564166146e-01 4.260940372705821915e+02 3.611734389814066134e-03
5.296463544936151902e-01 4.208194575213442477e+02 3.945411491887027000e-03
5.752576312618158383e-01 4.478741507810303233e+02 2.803887675508861654e-03
5.744897009551750422e-01 4.484785032720026265e+02 2.824777724488045615e-03
6.099980321730631427e-01 4.692079178098790635e+02 2.256361360004765278e-03
5.639930189324611209e-01 4.408732456676218590e+02 3.030212653341558381e-03
6.041970073846613110e-01 4.655775970982387548e+02 2.334412850645393653e-03
5.624070283693618499e-01 4.414287558268561611e+02 3.074088934454484272e-03
5.997208821686534908e-01 4.633020378577439260e+02 2.401098397274293705e-03
5.595393537331898592e-01 4.391834515672413772e+02 3.133336648231765595e-03
5.542179740513211161e-01 4.358822629912460229e+02 3.256792077194793633e-03
5.982109935035045956e-01 4.621886227896113724e+02 2.421408346158407388e-03
5.758730587568748893e-01 4.479078945194585799e+02 2.791323185707485915e-03
5.579605417552674362e-01 4.386671494876285351e+02 3.173169149249051042e-03
5.954697089783724806e-01 4.604757799851656728e+02 2.462324739530781775e-03
5.647004627104643681e-01 4.409652532905079738e+02 3.014465442365717434e-03
5.794148328550033922e-01 4.501121052773496558e+02 2.726264177110378824e-03
5.547239850902082603e-01 4.366587085136447968e+02 3.248630131423895818e-03
5.999896403318950577e-01 4.629469299158907347e+02 2.393965751610674375e-03
5.536632218119624804e-01 4.360007709532019362e+02 3.274002996163876029e-03
5.782239836943039446e-01 4.493708082069873626e+02 2.747853914929908933e-03
5.662297459409308953e-01 4.433394121852355738e+02 2.988694674685407008e-03
5.617314291682611316e-01 4.405444679099763334e+02 3.084697864175794686e-03
5.711779578597645513e-01 4.459601960976009991e+02 2.885424264335811635e-03
5.474807100143653793e-01 4.321692522188576504e+02 3.428541826761597345e-03
5.650905834805776129e-01 4.426313596355032587e+02 3.012536174730309768e-03
6.027812231336561188e-01 4.646921530222289789e+02 2.354167219254314682e-03
5.875454217398773382e-01 4.555293460919536415e+02 2.587445884481085010e-03
5.893295274748155954e-01 4.562907301614845892e+02 2.557023816216343060e-03
5.849992864482813637e-01 4.539416018793177727e+02 2.629943587742246836e-03
5.842840393607062754e-01 4.531449919213883959e+02 2.640871209627315436e-03
5.454866687290790273e-01 4.309346517377911709e+02 3.480931586354300226e-03
5.792656111750000836e-01 4.519228599159212081e+02 2.741118035620528949e-03
5.742299155535596222e-01 4.487844362631166746e+02 2.834060537994193690e-03
5.735331445341097512e-01 4.474255545086853090e+02 2.839692496573184045e-03
5.941182314772371909e-01 4.596316517131184014e+02 2.482931184019042045e-03
5.846661937449117996e-01 4.543618147234170692e+02 2.638998015750032827e-03
5.800422640787713524e-01 4.508527176838260289e+02 2.716124976681160309e-03
5.677212445053594347e-01 4.438107876317848195e+02 2.954794412056823295e-03
5.601646514234092100e-01 4.400357331601661599e+02 3.123409837836734620e-03
5.912581001767263089e-01 4.584759143140121864e+02 2.531106063652392366e-03
5.771447425002294018e-01 4.496740058321151992e+02 2.771867341006314673e-03
5.672727657277800706e-01 4.429098726097043368e+02 2.961277425377233010e-03
5.901383172119978315e-01 4.571470477425639274e+02 2.545343508692120803e-03
5.708871014455586534e-01 4.462359907977769922e+02 2.894390656690423985e-03
6.085266866570454569e-01 4.682867916591644075e+02 2.275729335095663664e-03
5.720772965838900603e-01 4.469766684338606524e+02 2.871080147737835233e-03
5.604851812197766403e-01 4.383501917609365819e+02 3.106427099655170547e-03
5.968339020951372031e-01 4.613280640859284745e+02 2.441817126910569933e-03
